5500000 37500000 1.0
6000000 44500000 1.0
6000000 78500000 1.0
6000000 100500000 1.0
6500000 10500000 1.0
6500000 11000000 1.0
6500000 33500000 1.0
7000000 10500000 1.0
7500000 11000000 1.0
7500000 20000000 1.0
7500000 99000000 1.0
7500000 99500000 1.0
8000000 34000000 1.0
8500000 39000000 1.0
8500000 42000000 1.0
8500000 59500000 1.0
8500000 63000000 1.0
8500000 87000000 1.0
9000000 39000000 1.0
9000000 56000000 1.0
9500000 55000000 1.0
10500000 6500000 1.0
10500000 7000000 1.0
10500000 11000000 1.0
10500000 19500000 1.0
11000000 6500000 1.0
11000000 7500000 1.0
11000000 10500000 1.0
11000000 11500000 1.0
11500000 11000000 1.0
11500000 20500000 1.0
11500000 39000000 1.0
12000000 57000000 1.0
12500000 13000000 1.0
13000000 12500000 1.0
13000000 50000000 1.0
13500000 15000000 1.0
13500000 22500000 1.0
13500000 56500000 1.0
14000000 54500000 1.0
14500000 47500000 1.0
14500000 57000000 1.0
15000000 13500000 1.0
15000000 35500000 1.0
15500000 47000000 1.0
15500000 57500000 1.0
15500000 58500000 1.0
16000000 58000000 1.0
16500000 39000000 1.0
16500000 39500000 1.0
16500000 56500000 1.0
16500000 100500000 1.0
17000000 20500000 1.0
17000000 57500000 1.0
17500000 23000000 1.0
17500000 35500000 1.0
17500000 51000000 1.0
18000000 18500000 1.0
18000000 21000000 1.0
18500000 18000000 1.0
18500000 36500000 1.0
18500000 38000000 1.0
18500000 58000000 1.0
19000000 19500000 1.0
19500000 10500000 1.0
19500000 19000000 1.0
19500000 47000000 1.0
19500000 53500000 1.0
19500000 55000000 1.0
19500000 57000000 1.0
19500000 82500000 1.0
20000000 7500000 1.0
20500000 11500000 1.0
20500000 17000000 1.0
21000000 18000000 1.0
21500000 59500000 1.0
22000000 35500000 1.0
22000000 41000000 1.0
22000000 50500000 1.0
22500000 13500000 1.0
23000000 17500000 1.0
23000000 68500000 1.0
33000000 50000000 1.0
33500000 6500000 1.0
33500000 50000000 1.0
34000000 8000000 1.0
34000000 39000000 1.0
34500000 39000000 1.0
34500000 42000000 1.0
34500000 58500000 1.0
35500000 15000000 1.0
35500000 17500000 1.0
35500000 22000000 1.0
36000000 37000000 1.0
36500000 18500000 1.0
37000000 36000000 1.0
37500000 5500000 1.0
37500000 38000000 1.0
37500000 43000000 1.0
38000000 18500000 1.0
38000000 37500000 1.0
38000000 43000000 1.0
38000000 58000000 1.0
38500000 39000000 1.0
38500000 53000000 1.0
38500000 59500000 1.0
38500000 63000000 1.0
39000000 8500000 1.0
39000000 9000000 1.0
39000000 11500000 1.0
39000000 16500000 1.0
39000000 34000000 1.0
39000000 34500000 1.0
39000000 38500000 1.0
39000000 49500000 1.0
39000000 97500000 1.0
39500000 16500000 1.0
39500000 40000000 1.0
39500000 53500000 1.0
40000000 39500000 1.0
40000000 72000000 1.0
40000000 96000000 1.0
40000000 99500000 1.0
40500000 58500000 1.0
40500000 105000000 1.0
41000000 22000000 1.0
41000000 44500000 1.0
41000000 105000000 1.0
41500000 42000000 1.0
42000000 8500000 1.0
42000000 34500000 1.0
42000000 41500000 1.0
42500000 83000000 1.0
42500000 97500000 1.0
43000000 37500000 1.0
43000000 38000000 1.0
43000000 47000000 1.0
43000000 60000000 1.0
43500000 46000000 1.0
43500000 49000000 1.0
43500000 61500000 1.0
43500000 68000000 1.0
43500000 89000000 1.0
44000000 46500000 1.0
44000000 56000000 1.0
44500000 6000000 1.0
44500000 41000000 1.0
45000000 59500000 1.0
45000000 98000000 1.0
45500000 46000000 1.0
45500000 50000000 1.0
45500000 156000000 1.0
46000000 43500000 1.0
46000000 45500000 1.0
46500000 44000000 1.0
46500000 50500000 1.0
46500000 70500000 1.0
47000000 15500000 1.0
47000000 19500000 1.0
47000000 43000000 1.0
47000000 48500000 1.0
47000000 59500000 1.0
47000000 79500000 1.0
47500000 14500000 1.0
47500000 79500000 1.0
48500000 47000000 1.0
48500000 49500000 1.0
48500000 54000000 1.0
48500000 69000000 1.0
48500000 72000000 1.0
48500000 79500000 1.0
48500000 87000000 1.0
49000000 43500000 1.0
49000000 69500000 1.0
49000000 78000000 1.0
49500000 39000000 1.0
49500000 48500000 1.0
49500000 78000000 1.0
49500000 79000000 1.0
50000000 13000000 1.0
50000000 33000000 1.0
50000000 33500000 1.0
50000000 45500000 1.0
50000000 71500000 1.0
50000000 97500000 1.0
50000000 100500000 1.0
50500000 22000000 1.0
50500000 46500000 1.0
50500000 51000000 1.0
51000000 17500000 1.0
51000000 50500000 1.0
52500000 55000000 1.0
53000000 38500000 1.0
53000000 58000000 1.0
53500000 19500000 1.0
53500000 39500000 1.0
53500000 72000000 1.0
54000000 48500000 1.0
54000000 59500000 1.0
54500000 14000000 1.0
54500000 63500000 1.0
55000000 9500000 1.0
55000000 19500000 1.0
55000000 52500000 1.0
55000000 56000000 1.0
55500000 74500000 1.0
56000000 9000000 1.0
56000000 44000000 1.0
56000000 55000000 1.0
56000000 56500000 1.0
56000000 58000000 1.0
56500000 13500000 1.0
56500000 16500000 1.0
56500000 56000000 1.0
56500000 57000000 1.0
57000000 12000000 1.0
57000000 14500000 1.0
57000000 19500000 1.0
57000000 56500000 1.0
57000000 57500000 1.0
57500000 15500000 1.0
57500000 17000000 1.0
57500000 57000000 1.0
58000000 16000000 1.0
58000000 18500000 1.0
58000000 38000000 1.0
58000000 53000000 1.0
58000000 56000000 1.0
58500000 15500000 1.0
58500000 34500000 1.0
58500000 40500000 1.0
58500000 98500000 1.0
59500000 8500000 1.0
59500000 21500000 1.0
59500000 38500000 1.0
59500000 45000000 1.0
59500000 47000000 1.0
59500000 54000000 1.0
59500000 61000000 1.0
60000000 43000000 1.0
60500000 62500000 1.0
60500000 69500000 1.0
60500000 82500000 1.0
61000000 59500000 1.0
61000000 79500000 1.0
61500000 43500000 1.0
62000000 86500000 1.0
62500000 60500000 1.0
62500000 86000000 1.0
62500000 94000000 1.0
63000000 8500000 1.0
63000000 38500000 1.0
63000000 64000000 1.0
63000000 86500000 1.0
63500000 54500000 1.0
63500000 84000000 1.0
63500000 89500000 1.0
64000000 63000000 1.0
64000000 64500000 1.0
64500000 64000000 1.0
64500000 74500000 1.0
64500000 83500000 1.0
64500000 97000000 1.0
65000000 66500000 1.0
65000000 76000000 1.0
65000000 93500000 1.0
65500000 81500000 1.0
65500000 86500000 1.0
66000000 76000000 1.0
66000000 79500000 1.0
66000000 115000000 1.0
66500000 65000000 1.0
66500000 69500000 1.0
66500000 76000000 1.0
66500000 82000000 1.0
67000000 68000000 1.0
67000000 73000000 1.0
67000000 76000000 1.0
67000000 82000000 1.0
67500000 74000000 1.0
68000000 43500000 1.0
68000000 67000000 1.0
68000000 70000000 1.0
68000000 83000000 1.0
68500000 23000000 1.0
68500000 69000000 1.0
69000000 48500000 1.0
69000000 68500000 1.0
69000000 85500000 1.0
69000000 86500000 1.0
69500000 49000000 1.0
69500000 60500000 1.0
69500000 66500000 1.0
69500000 71500000 1.0
69500000 96000000 1.0
70000000 68000000 1.0
70000000 79000000 1.0
70500000 46500000 1.0
70500000 97500000 1.0
70500000 156000000 1.0
71000000 92500000 1.0
71000000 98500000 1.0
71000000 101000000 1.0
71000000 103000000 1.0
71500000 50000000 1.0
71500000 69500000 1.0
71500000 105000000 1.0
72000000 40000000 1.0
72000000 48500000 1.0
72000000 53500000 1.0
72000000 72500000 1.0
72000000 75500000 1.0
72000000 100000000 1.0
72500000 72000000 1.0
72500000 74500000 1.0
72500000 82500000 1.0
73000000 67000000 1.0
73500000 74500000 1.0
73500000 124500000 1.0
74000000 67500000 1.0
74000000 96000000 1.0
74000000 108000000 1.0
74000000 111000000 1.0
74500000 55500000 1.0
74500000 64500000 1.0
74500000 72500000 1.0
74500000 73500000 1.0
74500000 75000000 1.0
74500000 82500000 1.0
74500000 84500000 1.0
74500000 111500000 1.0
75000000 74500000 1.0
75000000 111000000 1.0
75500000 72000000 1.0
75500000 77000000 1.0
76000000 65000000 1.0
76000000 66000000 1.0
76000000 66500000 1.0
76000000 67000000 1.0
76000000 77500000 1.0
76000000 114500000 1.0
77000000 75500000 1.0
77500000 76000000 1.0
78000000 49000000 1.0
78000000 49500000 1.0
78000000 88000000 1.0
78000000 102000000 1.0
78500000 6000000 1.0
78500000 86000000 1.0
78500000 88500000 1.0
78500000 89000000 1.0
78500000 101000000 1.0
79000000 49500000 1.0
79000000 70000000 1.0
79500000 47000000 1.0
79500000 47500000 1.0
79500000 48500000 1.0
79500000 61000000 1.0
79500000 66000000 1.0
79500000 84000000 1.0
80000000 93500000 1.0
80500000 86500000 1.0
81500000 65500000 1.0
81500000 82000000 1.0
82000000 66500000 1.0
82000000 67000000 1.0
82000000 81500000 1.0
82000000 86500000 1.0
82000000 96000000 1.0
82500000 19500000 1.0
82500000 60500000 1.0
82500000 72500000 1.0
82500000 74500000 1.0
82500000 96500000 1.0
83000000 42500000 1.0
83000000 68000000 1.0
83000000 97500000 1.0
83500000 64500000 1.0
83500000 84000000 1.0
83500000 84500000 1.0
83500000 85000000 1.0
84000000 63500000 1.0
84000000 79500000 1.0
84000000 83500000 1.0
84000000 86000000 1.0
84500000 74500000 1.0
84500000 83500000 1.0
84500000 85000000 1.0
84500000 95500000 1.0
85000000 83500000 1.0
85000000 84500000 1.0
85000000 86500000 1.0
85000000 143000000 1.0
85500000 69000000 1.0
85500000 87000000 1.0
86000000 62500000 1.0
86000000 78500000 1.0
86000000 84000000 1.0
86500000 62000000 1.0
86500000 63000000 1.0
86500000 65500000 1.0
86500000 69000000 1.0
86500000 80500000 1.0
86500000 82000000 1.0
86500000 85000000 1.0
87000000 8500000 1.0
87000000 48500000 1.0
87000000 85500000 1.0
88000000 78000000 1.0
88500000 78500000 1.0
89000000 43500000 1.0
89000000 78500000 1.0
89500000 63500000 1.0
89500000 94500000 1.0
89500000 115500000 1.0
89500000 116500000 1.0
90000000 106000000 1.0
90500000 93000000 1.0
90500000 122500000 1.0
90500000 127000000 1.0
90500000 131500000 1.0
90500000 157000000 1.0
91000000 148000000 1.0
91500000 108500000 1.0
91500000 109500000 1.0
91500000 119000000 1.0
91500000 135000000 1.0
92000000 106000000 1.0
92000000 108500000 1.0
92000000 119500000 1.0
92500000 71000000 1.0
92500000 106000000 1.0
92500000 107500000 1.0
93000000 90500000 1.0
93000000 104000000 1.0
93000000 126500000 1.0
93500000 65000000 1.0
93500000 80000000 1.0
93500000 115000000 1.0
94000000 62500000 1.0
94000000 95500000 1.0
94500000 89500000 1.0
94500000 116000000 1.0
95500000 84500000 1.0
95500000 94000000 1.0
95500000 111500000 1.0
96000000 40000000 1.0
96000000 69500000 1.0
96000000 74000000 1.0
96000000 82000000 1.0
96000000 96500000 1.0
96500000 82500000 1.0
96500000 96000000 1.0
96500000 97000000 1.0
97000000 64500000 1.0
97000000 96500000 1.0
97500000 39000000 1.0
97500000 42500000 1.0
97500000 50000000 1.0
97500000 70500000 1.0
97500000 83000000 1.0
97500000 105500000 1.0
98000000 45000000 1.0
98000000 98500000 1.0
98500000 58500000 1.0
98500000 71000000 1.0
98500000 98000000 1.0
98500000 99000000 1.0
99000000 7500000 1.0
99000000 98500000 1.0
99500000 7500000 1.0
99500000 40000000 1.0
100000000 72000000 1.0
100000000 100500000 1.0
100500000 6000000 1.0
100500000 16500000 1.0
100500000 50000000 1.0
100500000 100000000 1.0
101000000 71000000 1.0
101000000 78500000 1.0
101000000 101500000 1.0
101000000 105500000 1.0
101500000 101000000 1.0
101500000 102000000 1.0
101500000 136000000 1.0
102000000 78000000 1.0
102000000 101500000 1.0
102500000 106000000 1.0
102500000 114000000 1.0
102500000 125000000 1.0
102500000 136000000 1.0
102500000 136500000 1.0
103000000 71000000 1.0
103000000 104000000 1.0
103000000 105000000 1.0
103000000 126000000 1.0
103000000 136000000 1.0
103500000 104000000 1.0
104000000 93000000 1.0
104000000 103000000 1.0
104000000 103500000 1.0
104000000 106000000 1.0
104000000 148500000 1.0
105000000 40500000 1.0
105000000 41000000 1.0
105000000 71500000 1.0
105000000 103000000 1.0
105500000 97500000 1.0
105500000 101000000 1.0
106000000 90000000 1.0
106000000 92000000 1.0
106000000 92500000 1.0
106000000 102500000 1.0
106000000 104000000 1.0
106500000 112500000 1.0
106500000 113000000 1.0
107000000 107500000 1.0
107000000 109000000 1.0
107000000 111000000 1.0
107000000 111500000 1.0
107000000 119500000 1.0
107000000 124500000 1.0
107500000 92500000 1.0
107500000 107000000 1.0
107500000 109500000 1.0
108000000 74000000 1.0
108000000 109000000 1.0
108000000 124500000 1.0
108500000 91500000 1.0
108500000 92000000 1.0
108500000 110000000 1.0
108500000 113000000 1.0
109000000 107000000 1.0
109000000 108000000 1.0
109000000 109500000 1.0
109000000 118000000 1.0
109000000 124500000 1.0
109000000 135000000 1.0
109500000 91500000 1.0
109500000 107500000 1.0
109500000 109000000 1.0
109500000 110000000 1.0
109500000 113000000 1.0
110000000 108500000 1.0
110000000 109500000 1.0
111000000 74000000 1.0
111000000 75000000 1.0
111000000 107000000 1.0
111500000 74500000 1.0
111500000 95500000 1.0
111500000 107000000 1.0
111500000 125000000 1.0
112000000 112500000 1.0
112000000 124500000 1.0
112500000 106500000 1.0
112500000 112000000 1.0
113000000 106500000 1.0
113000000 108500000 1.0
113000000 109500000 1.0
113500000 116500000 1.0
113500000 131000000 1.0
113500000 135000000 1.0
114000000 102500000 1.0
114500000 76000000 1.0
114500000 125000000 1.0
115000000 66000000 1.0
115000000 93500000 1.0
115500000 89500000 1.0
116000000 94500000 1.0
116000000 117000000 1.0
116500000 89500000 1.0
116500000 113500000 1.0
117000000 116000000 1.0
118000000 109000000 1.0
118000000 148500000 1.0
119000000 91500000 1.0
119000000 148500000 1.0
119500000 92000000 1.0
119500000 107000000 1.0
120000000 123500000 1.0
122500000 90500000 1.0
123000000 147500000 1.0
123500000 120000000 1.0
123500000 150500000 1.0
123500000 159500000 1.0
124000000 135500000 1.0
124000000 150500000 1.0
124500000 73500000 1.0
124500000 107000000 1.0
124500000 108000000 1.0
124500000 109000000 1.0
124500000 112000000 1.0
124500000 135000000 1.0
125000000 102500000 1.0
125000000 111500000 1.0
125000000 114500000 1.0
125000000 125500000 1.0
125500000 125000000 1.0
125500000 146500000 1.0
125500000 153000000 1.0
126000000 103000000 1.0
126500000 93000000 1.0
126500000 127000000 1.0
126500000 151500000 1.0
127000000 90500000 1.0
127000000 126500000 1.0
127000000 150000000 1.0
127000000 157000000 1.0
127000000 160000000 1.0
127500000 128000000 1.0
127500000 130500000 1.0
127500000 158000000 1.0
127500000 163500000 1.0
128000000 127500000 1.0
128000000 152000000 1.0
128000000 160500000 1.0
128500000 129500000 1.0
128500000 156500000 1.0
129000000 156500000 1.0
129500000 128500000 1.0
129500000 136500000 1.0
129500000 152500000 1.0
130500000 127500000 1.0
130500000 131000000 1.0
130500000 158000000 1.0
131000000 113500000 1.0
131000000 130500000 1.0
131000000 156500000 1.0
131000000 157000000 1.0
131000000 158000000 1.0
131500000 90500000 1.0
131500000 134000000 1.0
131500000 154000000 1.0
131500000 156500000 1.0
132000000 140500000 1.0
132500000 150000000 1.0
132500000 162000000 1.0
133000000 153000000 1.0
133500000 153000000 1.0
134000000 131500000 1.0
134000000 134500000 1.0
134000000 137500000 1.0
134500000 134000000 1.0
134500000 161000000 1.0
134500000 162500000 1.0
134500000 166000000 1.0
135000000 91500000 1.0
135000000 109000000 1.0
135000000 113500000 1.0
135000000 124500000 1.0
135500000 124000000 1.0
135500000 159500000 1.0
136000000 101500000 1.0
136000000 102500000 1.0
136000000 103000000 1.0
136000000 154500000 1.0
136000000 155000000 1.0
136000000 155500000 1.0
136500000 102500000 1.0
136500000 129500000 1.0
136500000 159000000 1.0
137000000 154500000 1.0
137000000 156000000 1.0
137000000 160000000 1.0
137500000 134000000 1.0
137500000 152000000 1.0
137500000 159500000 1.0
137500000 165000000 1.0
138500000 139500000 1.0
139000000 139500000 1.0
139000000 140000000 1.0
139000000 143500000 1.0
139500000 138500000 1.0
139500000 139000000 1.0
139500000 140000000 1.0
140000000 139000000 1.0
140000000 139500000 1.0
140000000 141000000 1.0
140500000 132000000 1.0
141000000 140000000 1.0
141500000 142000000 1.0
142000000 141500000 1.0
142000000 143000000 1.0
142000000 151500000 1.0
142500000 149500000 1.0
143000000 85000000 1.0
143000000 142000000 1.0
143500000 139000000 1.0
146500000 125500000 1.0
146500000 157000000 1.0
147000000 166000000 1.0
147500000 123000000 1.0
147500000 149000000 1.0
148000000 91000000 1.0
148500000 104000000 1.0
148500000 118000000 1.0
148500000 119000000 1.0
149000000 147500000 1.0
149500000 142500000 1.0
150000000 127000000 1.0
150000000 132500000 1.0
150500000 123500000 1.0
150500000 124000000 1.0
150500000 151500000 1.0
150500000 158000000 1.0
150500000 158500000 1.0
151500000 126500000 1.0
151500000 142000000 1.0
151500000 150500000 1.0
152000000 128000000 1.0
152000000 137500000 1.0
152000000 154500000 1.0
152000000 155000000 1.0
152500000 129500000 1.0
152500000 161000000 1.0
153000000 125500000 1.0
153000000 133000000 1.0
153000000 133500000 1.0
153500000 154500000 1.0
153500000 160000000 1.0
153500000 162500000 1.0
154000000 131500000 1.0
154000000 161000000 1.0
154000000 164500000 1.0
154000000 165000000 1.0
154000000 165500000 1.0
154500000 136000000 1.0
154500000 137000000 1.0
154500000 152000000 1.0
154500000 153500000 1.0
154500000 155000000 1.0
154500000 156500000 1.0
155000000 136000000 1.0
155000000 152000000 1.0
155000000 154500000 1.0
155000000 155500000 1.0
155500000 136000000 1.0
155500000 155000000 1.0
156000000 45500000 1.0
156000000 70500000 1.0
156000000 137000000 1.0
156500000 128500000 1.0
156500000 129000000 1.0
156500000 131000000 1.0
156500000 131500000 1.0
156500000 154500000 1.0
156500000 157000000 1.0
157000000 90500000 1.0
157000000 127000000 1.0
157000000 131000000 1.0
157000000 146500000 1.0
157000000 156500000 1.0
157500000 159500000 1.0
158000000 127500000 1.0
158000000 130500000 1.0
158000000 131000000 1.0
158000000 150500000 1.0
158500000 150500000 1.0
159000000 136500000 1.0
159000000 160500000 1.0
159500000 123500000 1.0
159500000 135500000 1.0
159500000 137500000 1.0
159500000 157500000 1.0
160000000 127000000 1.0
160000000 137000000 1.0
160000000 153500000 1.0
160000000 160500000 1.0
160500000 128000000 1.0
160500000 159000000 1.0
160500000 160000000 1.0
160500000 161000000 1.0
160500000 165000000 1.0
161000000 134500000 1.0
161000000 152500000 1.0
161000000 154000000 1.0
161000000 160500000 1.0
161000000 165000000 1.0
161500000 162000000 1.0
162000000 132500000 1.0
162000000 161500000 1.0
162500000 134500000 1.0
162500000 153500000 1.0
162500000 165000000 1.0
163500000 127500000 1.0
163500000 164000000 1.0
164000000 163500000 1.0
164500000 154000000 1.0
164500000 165000000 1.0
165000000 137500000 1.0
165000000 154000000 1.0
165000000 160500000 1.0
165000000 161000000 1.0
165000000 162500000 1.0
165000000 164500000 1.0
165500000 154000000 1.0
166000000 134500000 1.0
166000000 147000000 1.0
