1	0
2	1
3	2
5	3
10	4
11	5
12	6
13	7
14	8
53	9
54	10
55	11
56	12
57	13
58	14
59	15
60	16
61	17
62	18
63	19
64	20
65	21
66	22
67	23
68	24
69	25
70	26
71	27
72	28
73	29
74	30
75	31
76	32
77	33
78	34
79	35
80	36
81	37
82	38
83	39
84	40
85	41
86	42
87	43
88	44
89	45
90	46
91	47
92	48
93	49
94	50
95	51
96	52
97	53
98	54
99	55
100	56
101	57
102	58
103	59
104	60
105	61
106	62
107	63
109	64
110	65
111	66
112	67
113	68
114	69
115	70
116	71
117	72
118	73
119	74
120	75
121	76
122	77
123	78
124	79
125	80
126	81
127	82
128	83
129	84
130	85
131	86
132	87
133	88
134	89
135	90
136	91
137	92
138	93
139	94
140	95
141	96
142	97
143	98
144	99
145	100
146	101
147	102
148	103
149	104
150	105
151	106
152	107
153	108
154	109
155	110
156	111
157	112
158	113
159	114
160	115
161	116
162	117
163	118
164	119
165	120
166	121
167	122
168	123
169	124
170	125
171	126
172	127
173	128
174	129
175	130
176	131
177	132
178	133
179	134
180	135
181	136
182	137
183	138
184	139
185	140
186	141
187	142
188	143
189	144
190	145
191	146
192	147
193	148
194	149
195	150
196	151
197	152
198	153
199	154
200	155
201	156
202	157
203	158
204	159
205	160
206	161
207	162
208	163
209	164
210	165
211	166
212	167
213	168
214	169
215	170
216	171
217	172
218	173
219	174
220	175
221	176
222	177
223	178
224	179
225	180
226	181
227	182
228	183
229	184
230	185
231	186
232	187
233	188
234	189
235	190
236	191
237	192
238	193
239	194
240	195
241	196
242	197
243	198
244	199
245	200
246	201
247	202
248	203
249	204
250	205
251	206
252	207
253	208
254	209
255	210
256	211
257	212
258	213
259	214
260	215
261	216
262	217
263	218
264	219
265	220
266	221
267	222
268	223
269	224
270	225
271	226
272	227
273	228
274	229
275	230
276	231
277	232
278	233
279	234
280	235
281	236
282	237
283	238
284	239
285	240
286	241
287	242
288	243
289	244
290	245
291	246
292	247
293	248
294	249
295	250
296	251
297	252
298	253
299	254
300	255
301	256
302	257
303	258
304	259
305	260
306	261
307	262
308	263
309	264
310	265
311	266
312	267
313	268
314	269
315	270
316	271
317	272
318	273
319	274
320	275
321	276
322	277
323	278
324	279
325	280
326	281
327	282
328	283
329	284
330	285
331	286
332	287
333	288
334	289
335	290
336	291
337	292
338	293
339	294
340	295
341	296
342	297
343	298
344	299
345	300
346	301
347	302
348	303
349	304
350	305
351	306
352	307
353	308
354	309
355	310
356	311
357	312
358	313
359	314
360	315
361	316
362	317
363	318
364	319
365	320
366	321
367	322
368	323
369	324
370	325
371	326
372	327
373	328
374	329
375	330
376	331
377	332
378	333
379	334
380	335
381	336
382	337
383	338
384	339
385	340
386	341
387	342
388	343
389	344
390	345
391	346
392	347
393	348
394	349
395	350
396	351
397	352
398	353
399	354
400	355
401	356
402	357
403	358
404	359
405	360
406	361
407	362
408	363
409	364
410	365
411	366
412	367
413	368
414	369
415	370
416	371
417	372
418	373
419	374
420	375
421	376
422	377
423	378
424	379
425	380
426	381
427	382
428	383
429	384
430	385
431	386
432	387
433	388
434	389
435	390
436	391
437	392
438	393
439	394
440	395
441	396
442	397
443	398
444	399
445	400
446	401
447	402
448	403
449	404
450	405
451	406
452	407
453	408
454	409
455	410
456	411
457	412
458	413
459	414
460	415
461	416
462	417
463	418
464	419
465	420
466	421
467	422
468	423
469	424
470	425
471	426
472	427
473	428
474	429
475	430
476	431
477	432
478	433
479	434
480	435
481	436
482	437
483	438
484	439
485	440
486	441
487	442
490	443
491	444
492	445
493	446
494	447
495	448
496	449
497	450
498	451
499	452
500	453
501	454
502	455
503	456
504	457
505	458
506	459
507	460
508	461
509	462
510	463
511	464
512	465
513	466
514	467
515	468
516	469
517	470
518	471
519	472
520	473
521	474
522	475
523	476
524	477
525	478
526	479
527	480
528	481
529	482
530	483
531	484
532	485
533	486
534	487
535	488
536	489
537	490
538	491
539	492
540	493
541	494
542	495
543	496
544	497
545	498
546	499
547	500
548	501
549	502
550	503
551	504
552	505
553	506
554	507
555	508
556	509
557	510
558	511
559	512
560	513
561	514
562	515
563	516
564	517
565	518
566	519
567	520
568	521
569	522
570	523
571	524
572	525
573	526
574	527
575	528
576	529
577	530
578	531
579	532
580	533
581	534
582	535
583	536
584	537
585	538
586	539
587	540
588	541
589	542
590	543
591	544
592	545
593	546
594	547
595	548
596	549
597	550
598	551
599	552
600	553
601	554
602	555
603	556
604	557
605	558
606	559
607	560
608	561
609	562
610	563
611	564
612	565
613	566
614	567
615	568
616	569
617	570
618	571
619	572
620	573
621	574
622	575
623	576
624	577
625	578
626	579
627	580
628	581
629	582
630	583
631	584
632	585
633	586
634	587
635	588
636	589
637	590
638	591
639	592
640	593
641	594
642	595
643	596
644	597
645	598
646	599
647	600
648	601
649	602
650	603
651	604
652	605
653	606
654	607
655	608
656	609
657	610
658	611
659	612
660	613
661	614
662	615
663	616
664	617
665	618
666	619
667	620
668	621
669	622
670	623
671	624
672	625
673	626
674	627
675	628
676	629
677	630
678	631
679	632
680	633
681	634
682	635
683	636
684	637
685	638
686	639
687	640
688	641
689	642
690	643
691	644
692	645
693	646
694	647
695	648
696	649
697	650
698	651
699	652
700	653
701	654
702	655
703	656
704	657
705	658
706	659
707	660
708	661
709	662
710	663
711	664
712	665
713	666
714	667
715	668
716	669
717	670
718	671
719	672
720	673
721	674
722	675
723	676
724	677
725	678
726	679
727	680
728	681
729	682
730	683
731	684
732	685
733	686
734	687
735	688
736	689
737	690
738	691
739	692
740	693
741	694
742	695
743	696
744	697
745	698
746	699
747	700
748	701
749	702
750	703
751	704
752	705
753	706
754	707
755	708
756	709
757	710
758	711
759	712
760	713
761	714
762	715
763	716
764	717
765	718
766	719
767	720
768	721
769	722
770	723
771	724
772	725
773	726
774	727
775	728
776	729
777	730
778	731
779	732
780	733
781	734
782	735
783	736
784	737
785	738
786	739
787	740
788	741
789	742
790	743
791	744
792	745
793	746
794	747
795	748
796	749
797	750
798	751
799	752
800	753
801	754
802	755
803	756
804	757
805	758
806	759
807	760
808	761
809	762
810	763
811	764
812	765
813	766
814	767
815	768
816	769
817	770
818	771
819	772
820	773
821	774
822	775
823	776
824	777
825	778
826	779
827	780
828	781
829	782
830	783
831	784
832	785
833	786
834	787
835	788
836	789
837	790
838	791
839	792
840	793
841	794
842	795
843	796
844	797
845	798
846	799
847	800
848	801
849	802
850	803
851	804
852	805
853	806
854	807
855	808
856	809
857	810
858	811
859	812
860	813
861	814
862	815
863	816
864	817
865	818
866	819
867	820
868	821
869	822
870	823
871	824
872	825
873	826
874	827
875	828
876	829
877	830
878	831
879	832
880	833
881	834
882	835
883	836
884	837
885	838
886	839
887	840
888	841
889	842
890	843
891	844
892	845
893	846
894	847
895	848
896	849
897	850
898	851
899	852
900	853
901	854
902	855
903	856
904	857
905	858
906	859
907	860
908	861
909	862
910	863
911	864
912	865
913	866
914	867
915	868
917	869
918	870
919	871
920	872
921	873
922	874
923	875
924	876
925	877
926	878
927	879
928	880
929	881
930	882
931	883
932	884
933	885
934	886
935	887
936	888
937	889
938	890
939	891
940	892
941	893
942	894
943	895
944	896
945	897
946	898
947	899
948	900
949	901
950	902
951	903
952	904
953	905
954	906
955	907
956	908
957	909
958	910
959	911
960	912
961	913
962	914
963	915
964	916
965	917
966	918
967	919
968	920
969	921
970	922
971	923
972	924
973	925
974	926
975	927
976	928
977	929
978	930
979	931
980	932
981	933
982	934
983	935
984	936
985	937
986	938
987	939
988	940
989	941
990	942
991	943
992	944
993	945
994	946
995	947
996	948
997	949
998	950
999	951
1000	952
1001	953
1002	954
1003	955
1004	956
1005	957
1006	958
1007	959
1008	960
1009	961
1010	962
1011	963
1012	964
1013	965
1014	966
1015	967
1016	968
1017	969
1018	970
1019	971
1020	972
1021	973
1022	974
1023	975
1024	976
1025	977
1026	978
1027	979
1028	980
1029	981
1030	982
1031	983
1032	984
1033	985
1034	986
1035	987
1036	988
1037	989
1038	990
1039	991
1040	992
1041	993
1042	994
1043	995
1044	996
1045	997
1046	998
1047	999
1048	1000
1049	1001
1050	1002
1051	1003
1052	1004
1053	1005
1054	1006
1055	1007
1056	1008
1057	1009
1058	1010
1059	1011
1060	1012
1061	1013
1062	1014
1063	1015
1064	1016
1065	1017
1066	1018
1067	1019
1068	1020
1069	1021
1070	1022
1071	1023
1072	1024
1073	1025
1074	1026
1075	1027
1076	1028
1077	1029
1078	1030
1079	1031
1080	1032
1081	1033
1082	1034
1083	1035
1084	1036
1085	1037
1086	1038
1087	1039
1088	1040
1089	1041
1090	1042
1091	1043
1092	1044
1093	1045
1094	1046
1095	1047
1096	1048
1097	1049
1098	1050
1099	1051
1100	1052
1101	1053
1102	1054
1103	1055
1104	1056
1105	1057
1106	1058
1107	1059
1108	1060
1109	1061
1110	1062
1111	1063
1112	1064
1113	1065
1114	1066
1115	1067
1116	1068
1117	1069
1118	1070
1119	1071
1120	1072
1121	1073
1122	1074
1123	1075
1124	1076
1125	1077
1126	1078
1127	1079
1128	1080
1129	1081
1130	1082
1131	1083
1132	1084
1133	1085
1134	1086
1135	1087
1136	1088
1137	1089
1138	1090
1139	1091
1140	1092
1141	1093
1142	1094
1143	1095
1144	1096
1145	1097
1146	1098
1147	1099
1148	1100
1149	1101
1150	1102
1151	1103
1152	1104
1153	1105
1154	1106
1155	1107
1156	1108
1157	1109
1158	1110
1159	1111
1160	1112
1161	1113
1162	1114
1163	1115
1164	1116
1165	1117
1166	1118
1167	1119
1168	1120
1169	1121
1170	1122
1171	1123
1172	1124
1173	1125
1174	1126
1175	1127
1176	1128
1177	1129
1178	1130
1179	1131
1180	1132
1181	1133
1182	1134
1183	1135
1184	1136
1185	1137
1186	1138
1187	1139
1188	1140
1189	1141
1190	1142
1191	1143
1192	1144
1193	1145
1194	1146
1195	1147
1196	1148
1197	1149
1198	1150
1199	1151
1200	1152
1201	1153
1202	1154
1203	1155
1204	1156
1205	1157
1206	1158
1207	1159
1208	1160
1209	1161
1210	1162
1211	1163
1212	1164
1213	1165
1214	1166
1215	1167
1216	1168
1217	1169
1218	1170
1219	1171
1220	1172
1221	1173
1222	1174
1223	1175
1224	1176
1225	1177
1226	1178
1227	1179
1228	1180
1229	1181
1230	1182
1231	1183
1232	1184
1233	1185
1234	1186
1235	1187
1236	1188
1237	1189
1238	1190
1239	1191
1240	1192
1241	1193
1242	1194
1243	1195
1244	1196
1245	1197
1246	1198
1247	1199
1248	1200
1249	1201
1250	1202
1251	1203
1252	1204
1253	1205
1254	1206
1255	1207
1256	1208
1257	1209
1258	1210
1259	1211
1260	1212
1261	1213
1262	1214
1263	1215
1264	1216
1265	1217
1266	1218
1267	1219
1268	1220
1269	1221
1270	1222
1271	1223
1272	1224
1273	1225
1274	1226
1275	1227
1276	1228
1277	1229
1278	1230
1279	1231
1280	1232
1281	1233
1282	1234
1283	1235
1284	1236
1285	1237
1286	1238
1287	1239
1288	1240
1289	1241
1290	1242
1291	1243
1292	1244
1293	1245
1294	1246
1295	1247
1296	1248
1297	1249
1298	1250
1299	1251
1300	1252
1301	1253
1302	1254
1303	1255
1304	1256
1305	1257
1306	1258
1307	1259
1308	1260
1309	1261
1310	1262
1311	1263
1312	1264
1313	1265
1314	1266
1315	1267
1316	1268
1317	1269
1318	1270
1319	1271
1320	1272
1321	1273
1322	1274
1323	1275
1324	1276
1325	1277
1326	1278
1327	1279
1328	1280
1329	1281
1330	1282
1331	1283
1332	1284
1333	1285
1334	1286
1335	1287
1336	1288
1337	1289
1338	1290
1339	1291
1340	1292
1341	1293
1342	1294
1343	1295
1344	1296
1345	1297
1346	1298
1347	1299
1348	1300
1349	1301
1350	1302
1351	1303
1352	1304
1353	1305
1354	1306
1355	1307
1356	1308
1357	1309
1358	1310
1359	1311
1360	1312
1361	1313
1362	1314
1363	1315
1364	1316
1365	1317
1366	1318
1367	1319
1368	1320
1369	1321
1370	1322
1371	1323
1372	1324
1373	1325
1374	1326
1375	1327
1376	1328
1377	1329
1378	1330
1379	1331
1380	1332
1381	1333
1382	1334
1383	1335
1384	1336
1385	1337
1386	1338
1387	1339
1388	1340
1389	1341
1390	1342
1391	1343
1392	1344
1393	1345
1394	1346
1395	1347
1396	1348
1397	1349
1398	1350
1399	1351
1400	1352
1401	1353
1402	1354
1403	1355
1404	1356
1405	1357
1406	1358
1407	1359
1408	1360
1409	1361
1410	1362
1411	1363
1412	1364
1413	1365
1414	1366
1415	1367
1416	1368
1417	1369
1418	1370
1419	1371
1420	1372
1421	1373
1422	1374
1423	1375
1424	1376
1425	1377
1426	1378
1427	1379
1428	1380
1429	1381
1430	1382
1431	1383
1432	1384
1433	1385
1434	1386
1435	1387
1436	1388
1437	1389
1438	1390
1439	1391
1440	1392
1441	1393
1442	1394
1443	1395
1444	1396
1445	1397
1446	1398
1447	1399
1448	1400
1449	1401
1450	1402
1451	1403
1452	1404
1453	1405
1454	1406
1455	1407
1456	1408
1457	1409
1458	1410
1459	1411
1460	1412
1461	1413
1462	1414
1463	1415
1464	1416
1465	1417
1466	1418
1467	1419
1468	1420
1469	1421
1470	1422
1471	1423
1472	1424
1473	1425
1474	1426
1475	1427
1476	1428
1477	1429
1478	1430
1479	1431
1480	1432
1481	1433
1482	1434
1483	1435
1484	1436
1485	1437
1486	1438
1487	1439
1488	1440
1489	1441
1490	1442
1491	1443
1492	1444
1493	1445
1494	1446
1495	1447
1496	1448
1497	1449
1498	1450
1499	1451
1500	1452
1501	1453
1502	1454
1503	1455
1504	1456
1505	1457
1506	1458
1507	1459
1508	1460
1509	1461
1510	1462
1511	1463
1512	1464
1513	1465
1514	1466
1515	1467
1516	1468
1517	1469
1518	1470
1519	1471
1520	1472
1521	1473
1522	1474
1523	1475
1524	1476
1525	1477
1526	1478
1527	1479
1528	1480
1529	1481
1530	1482
1531	1483
1532	1484
1533	1485
1534	1486
1535	1487
1536	1488
1537	1489
1538	1490
1539	1491
1540	1492
1541	1493
1542	1494
1543	1495
1544	1496
1545	1497
1546	1498
1547	1499
1548	1500
1549	1501
1550	1502
1551	1503
1552	1504
1553	1505
1554	1506
1555	1507
1556	1508
1557	1509
1558	1510
1559	1511
1560	1512
1561	1513
1562	1514
1563	1515
1564	1516
1565	1517
1566	1518
1567	1519
1568	1520
1569	1521
1570	1522
1571	1523
1572	1524
1573	1525
1574	1526
1575	1527
1576	1528
1577	1529
1578	1530
1579	1531
1580	1532
1581	1533
1582	1534
1583	1535
1584	1536
1585	1537
1586	1538
1587	1539
1588	1540
1589	1541
1590	1542
1591	1543
1592	1544
1593	1545
1594	1546
1595	1547
1596	1548
1597	1549
1598	1550
1599	1551
1600	1552
1601	1553
1602	1554
1603	1555
1604	1556
1605	1557
1606	1558
1607	1559
1608	1560
1609	1561
1610	1562
1611	1563
1612	1564
1613	1565
1614	1566
1615	1567
1616	1568
1617	1569
1618	1570
1619	1571
1620	1572
1621	1573
1622	1574
1623	1575
1624	1576
1625	1577
1626	1578
1627	1579
1628	1580
1629	1581
1630	1582
1631	1583
1632	1584
1633	1585
1634	1586
1635	1587
1636	1588
1637	1589
1638	1590
1639	1591
1640	1592
1641	1593
1642	1594
1643	1595
1644	1596
1645	1597
1646	1598
1647	1599
1648	1600
1649	1601
1650	1602
1651	1603
1652	1604
1653	1605
1654	1606
1655	1607
1656	1608
1657	1609
1658	1610
1659	1611
1660	1612
1661	1613
1662	1614
1663	1615
1664	1616
1665	1617
1666	1618
1667	1619
1668	1620
1669	1621
1670	1622
1671	1623
1672	1624
1673	1625
1674	1626
1675	1627
1676	1628
1677	1629
1678	1630
1679	1631
1680	1632
1681	1633
1682	1634
1683	1635
1684	1636
1685	1637
1686	1638
1687	1639
1688	1640
1689	1641
1690	1642
1691	1643
1692	1644
1693	1645
1694	1646
1695	1647
1696	1648
1697	1649
1698	1650
1699	1651
1700	1652
1701	1653
1702	1654
1703	1655
1704	1656
1705	1657
1706	1658
1707	1659
1708	1660
1709	1661
1710	1662
1711	1663
1712	1664
1713	1665
1714	1666
1715	1667
1716	1668
1717	1669
1718	1670
1719	1671
1720	1672
1721	1673
1722	1674
1723	1675
1724	1676
1725	1677
1726	1678
1727	1679
1728	1680
1729	1681
1730	1682
1731	1683
1732	1684
1733	1685
1734	1686
1735	1687
1736	1688
1737	1689
1738	1690
1739	1691
1740	1692
1741	1693
1742	1694
1743	1695
1744	1696
1745	1697
1746	1698
1747	1699
1748	1700
1749	1701
1750	1702
1751	1703
1752	1704
1753	1705
1754	1706
1755	1707
1756	1708
1757	1709
1758	1710
1759	1711
1760	1712
1761	1713
1762	1714
1763	1715
1764	1716
1765	1717
1766	1718
1767	1719
1768	1720
1769	1721
1770	1722
1771	1723
1772	1724
1773	1725
1774	1726
1775	1727
1776	1728
1777	1729
1778	1730
1779	1731
1780	1732
1781	1733
1782	1734
1783	1735
1784	1736
1785	1737
1786	1738
1787	1739
1788	1740
1789	1741
1790	1742
1791	1743
1792	1744
1793	1745
1794	1746
1795	1747
1796	1748
1797	1749
1798	1750
1799	1751
1800	1752
1801	1753
1802	1754
1803	1755
1804	1756
1805	1757
1806	1758
1807	1759
1808	1760
1809	1761
1810	1762
1811	1763
1812	1764
1813	1765
1814	1766
1815	1767
1816	1768
1817	1769
1818	1770
1819	1771
1820	1772
1821	1773
1822	1774
1823	1775
1824	1776
1825	1777
1826	1778
1827	1779
1828	1780
1829	1781
1830	1782
1831	1783
1832	1784
1833	1785
1834	1786
1835	1787
1836	1788
1837	1789
1838	1790
1839	1791
1840	1792
1841	1793
1842	1794
1843	1795
1844	1796
1845	1797
1846	1798
1847	1799
1848	1800
1849	1801
1850	1802
1851	1803
1852	1804
1853	1805
1854	1806
1855	1807
1856	1808
1857	1809
1858	1810
1859	1811
1860	1812
1861	1813
1862	1814
1863	1815
1864	1816
1865	1817
1866	1818
1867	1819
1868	1820
1869	1821
1870	1822
1871	1823
1872	1824
1873	1825
1874	1826
1875	1827
1876	1828
1877	1829
1878	1830
1879	1831
1880	1832
1881	1833
1882	1834
1883	1835
1884	1836
1885	1837
1886	1838
1887	1839
1888	1840
1889	1841
1890	1842
1891	1843
1892	1844
1893	1845
1894	1846
1895	1847
1896	1848
1897	1849
1898	1850
1899	1851
1900	1852
1901	1853
1902	1854
1903	1855
1904	1856
1905	1857
1906	1858
1907	1859
1908	1860
1909	1861
1910	1862
1911	1863
1912	1864
1913	1865
1914	1866
1915	1867
1916	1868
1917	1869
1918	1870
1919	1871
1920	1872
1921	1873
1922	1874
1923	1875
1924	1876
1925	1877
1926	1878
1927	1879
1928	1880
1929	1881
1930	1882
1931	1883
1932	1884
1933	1885
1934	1886
1935	1887
1936	1888
1937	1889
1938	1890
1939	1891
1940	1892
1941	1893
1942	1894
1943	1895
1944	1896
1945	1897
1946	1898
1947	1899
1948	1900
1949	1901
1950	1902
1951	1903
1952	1904
1953	1905
1954	1906
1955	1907
1956	1908
1957	1909
1958	1910
1959	1911
1960	1912
1961	1913
1962	1914
1963	1915
1964	1916
1965	1917
1966	1918
1967	1919
1968	1920
1969	1921
1970	1922
1971	1923
1972	1924
1973	1925
1974	1926
1975	1927
1976	1928
1977	1929
1978	1930
1979	1931
1980	1932
1981	1933
1982	1934
1983	1935
1984	1936
1985	1937
1986	1938
1987	1939
1988	1940
1989	1941
1990	1942
1991	1943
1992	1944
1993	1945
1994	1946
1995	1947
1996	1948
1997	1949
1998	1950
1999	1951
2000	1952
2001	1953
2002	1954
2003	1955
2004	1956
2005	1957
2006	1958
2007	1959
2008	1960
2009	1961
2010	1962
2011	1963
2012	1964
2013	1965
2014	1966
2015	1967
2016	1968
2017	1969
2018	1970
2019	1971
2020	1972
2021	1973
2022	1974
2023	1975
2024	1976
2025	1977
2026	1978
2027	1979
2028	1980
2029	1981
2030	1982
2031	1983
2032	1984
2033	1985
2034	1986
2035	1987
2036	1988
2037	1989
2038	1990
2039	1991
2040	1992
2041	1993
2042	1994
2043	1995
2044	1996
2045	1997
2046	1998
2047	1999
2048	2000
2049	2001
2050	2002
2051	2003
2052	2004
2053	2005
2054	2006
2055	2007
2056	2008
2057	2009
2058	2010
2059	2011
2060	2012
2061	2013
2062	2014
2063	2015
2064	2016
2065	2017
2066	2018
2067	2019
2068	2020
2069	2021
2070	2022
2071	2023
2072	2024
2073	2025
2074	2026
2075	2027
2076	2028
2077	2029
2078	2030
2079	2031
2080	2032
2081	2033
2082	2034
2083	2035
2084	2036
2085	2037
2086	2038
2087	2039
2088	2040
2089	2041
2090	2042
2091	2043
2092	2044
2093	2045
2094	2046
2095	2047
2096	2048
2097	2049
2098	2050
2099	2051
2100	2052
2101	2053
2102	2054
2103	2055
2104	2056
2105	2057
2106	2058
2107	2059
2108	2060
2109	2061
2110	2062
2111	2063
2112	2064
2113	2065
2114	2066
2115	2067
2116	2068
2117	2069
2118	2070
2119	2071
2120	2072
2121	2073
2122	2074
2123	2075
2124	2076
2125	2077
2126	2078
2127	2079
2128	2080
2129	2081
2130	2082
2131	2083
2132	2084
2133	2085
2134	2086
2135	2087
2136	2088
2137	2089
2138	2090
2139	2091
2140	2092
2141	2093
2142	2094
2143	2095
2144	2096
2145	2097
2146	2098
2147	2099
2148	2100
2149	2101
2150	2102
2151	2103
2152	2104
2153	2105
2154	2106
2155	2107
2156	2108
2157	2109
2158	2110
2159	2111
2160	2112
2161	2113
2162	2114
2163	2115
2164	2116
2165	2117
2166	2118
2167	2119
2168	2120
2169	2121
2170	2122
2171	2123
2172	2124
2173	2125
2174	2126
2175	2127
2176	2128
2177	2129
2178	2130
2179	2131
2180	2132
2181	2133
2182	2134
2183	2135
2184	2136
2185	2137
2186	2138
2187	2139
2188	2140
2189	2141
2190	2142
2191	2143
2192	2144
2193	2145
2194	2146
2195	2147
2196	2148
2197	2149
2198	2150
2199	2151
2200	2152
2201	2153
2202	2154
2203	2155
2204	2156
2205	2157
2206	2158
2207	2159
2208	2160
2209	2161
2210	2162
2211	2163
2212	2164
2213	2165
2214	2166
2215	2167
2216	2168
2217	2169
2218	2170
2219	2171
2220	2172
2221	2173
2222	2174
2223	2175
2224	2176
2225	2177
2226	2178
2227	2179
2228	2180
2229	2181
2230	2182
2231	2183
2232	2184
2233	2185
2234	2186
2235	2187
2236	2188
2237	2189
2238	2190
2239	2191
2240	2192
2241	2193
2242	2194
2243	2195
2244	2196
2245	2197
2246	2198
2247	2199
2248	2200
2249	2201
2250	2202
2251	2203
2252	2204
2253	2205
2254	2206
2255	2207
2256	2208
2257	2209
2258	2210
2259	2211
2260	2212
2261	2213
2262	2214
2263	2215
2264	2216
2265	2217
2266	2218
2267	2219
2268	2220
2269	2221
2270	2222
2271	2223
2272	2224
2273	2225
2274	2226
2275	2227
2276	2228
2277	2229
2278	2230
2279	2231
2280	2232
2281	2233
2282	2234
2283	2235
2284	2236
2285	2237
2286	2238
2287	2239
2288	2240
2289	2241
2290	2242
2291	2243
2292	2244
2293	2245
2294	2246
2295	2247
2296	2248
2297	2249
2298	2250
2299	2251
2300	2252
2301	2253
2302	2254
2303	2255
2304	2256
2305	2257
2306	2258
2307	2259
2308	2260
2309	2261
2310	2262
2311	2263
2312	2264
2313	2265
2314	2266
2315	2267
2316	2268
2317	2269
2318	2270
2319	2271
2320	2272
2321	2273
2322	2274
2323	2275
2324	2276
2325	2277
2326	2278
2327	2279
2328	2280
2329	2281
2330	2282
2331	2283
2332	2284
2333	2285
2334	2286
2335	2287
2336	2288
2337	2289
2338	2290
2339	2291
2340	2292
2341	2293
2342	2294
2343	2295
2344	2296
2345	2297
2346	2298
2347	2299
2348	2300
2349	2301
2350	2302
2351	2303
2352	2304
2353	2305
2354	2306
2355	2307
2356	2308
2357	2309
2358	2310
2359	2311
2360	2312
2361	2313
2362	2314
2363	2315
2364	2316
2365	2317
2366	2318
2367	2319
2368	2320
2369	2321
2370	2322
2371	2323
2372	2324
2373	2325
2374	2326
2375	2327
2376	2328
2377	2329
2378	2330
2379	2331
2380	2332
2381	2333
2382	2334
2383	2335
2384	2336
2385	2337
2386	2338
2387	2339
2388	2340
2389	2341
2390	2342
2391	2343
2392	2344
2393	2345
2394	2346
2395	2347
2396	2348
2397	2349
2398	2350
2399	2351
2400	2352
2401	2353
2402	2354
2403	2355
2404	2356
2405	2357
2406	2358
2407	2359
2408	2360
2409	2361
2410	2362
2411	2363
2412	2364
2413	2365
2414	2366
2415	2367
2416	2368
2417	2369
2418	2370
2419	2371
2420	2372
2421	2373
2422	2374
2423	2375
2424	2376
2425	2377
2426	2378
2427	2379
2428	2380
2429	2381
2430	2382
2431	2383
2432	2384
2433	2385
2434	2386
2435	2387
2436	2388
2437	2389
2438	2390
2439	2391
2440	2392
2441	2393
2442	2394
2443	2395
2444	2396
2445	2397
2446	2398
2447	2399
2448	2400
2449	2401
2450	2402
2451	2403
2452	2404
2453	2405
2454	2406
2455	2407
2456	2408
2457	2409
2458	2410
2459	2411
2460	2412
2461	2413
2462	2414
2463	2415
2464	2416
2465	2417
2466	2418
2467	2419
2468	2420
2469	2421
2470	2422
2471	2423
2472	2424
2473	2425
2474	2426
2475	2427
2476	2428
2477	2429
2478	2430
2479	2431
2480	2432
2481	2433
2482	2434
2483	2435
2484	2436
2485	2437
2486	2438
2487	2439
2488	2440
2489	2441
2490	2442
2491	2443
2492	2444
2493	2445
2494	2446
2495	2447
2496	2448
2497	2449
2498	2450
2499	2451
2500	2452
2501	2453
2502	2454
2503	2455
2504	2456
2505	2457
2506	2458
2507	2459
2508	2460
2509	2461
2510	2462
2511	2463
2512	2464
2513	2465
2514	2466
2515	2467
2516	2468
2517	2469
2518	2470
2519	2471
2520	2472
2521	2473
2522	2474
2523	2475
2524	2476
2525	2477
2526	2478
2527	2479
2528	2480
2529	2481
2530	2482
2531	2483
2532	2484
2533	2485
2534	2486
2535	2487
2536	2488
2537	2489
2538	2490
2539	2491
2540	2492
2541	2493
2542	2494
2543	2495
2544	2496
2545	2497
2546	2498
2547	2499
2548	2500
2549	2501
2550	2502
2551	2503
2552	2504
2553	2505
2554	2506
2555	2507
2556	2508
2557	2509
2558	2510
2559	2511
2560	2512
2561	2513
2562	2514
2563	2515
2564	2516
2565	2517
2566	2518
2567	2519
2568	2520
2569	2521
2570	2522
2571	2523
2572	2524
2573	2525
2574	2526
2575	2527
2576	2528
2577	2529
2578	2530
2579	2531
2580	2532
2581	2533
2582	2534
2583	2535
2584	2536
2585	2537
2586	2538
2587	2539
2588	2540
2589	2541
2590	2542
2591	2543
2592	2544
2593	2545
2594	2546
2595	2547
2596	2548
2597	2549
2598	2550
2599	2551
2600	2552
2601	2553
2602	2554
2603	2555
2604	2556
2605	2557
2606	2558
2607	2559
2608	2560
2609	2561
2610	2562
2611	2563
2612	2564
2613	2565
2614	2566
2615	2567
2616	2568
2617	2569
2618	2570
2619	2571
2620	2572
2621	2573
2622	2574
2623	2575
2624	2576
2625	2577
2626	2578
2627	2579
2628	2580
2629	2581
2630	2582
2631	2583
2632	2584
2633	2585
2634	2586
2635	2587
2636	2588
2637	2589
2638	2590
2639	2591
2640	2592
2641	2593
2642	2594
2643	2595
2644	2596
2645	2597
2646	2598
2647	2599
2648	2600
2649	2601
2650	2602
2651	2603
2652	2604
2653	2605
2654	2606
2655	2607
2656	2608
2657	2609
2658	2610
2659	2611
2660	2612
2661	2613
2662	2614
2663	2615
2664	2616
2665	2617
2666	2618
2667	2619
2668	2620
2669	2621
2670	2622
2671	2623
2672	2624
2673	2625
2674	2626
2675	2627
2676	2628
2677	2629
2678	2630
2679	2631
2680	2632
2681	2633
2682	2634
2683	2635
2684	2636
2685	2637
2686	2638
2687	2639
2688	2640
2689	2641
2690	2642
2691	2643
2692	2644
2693	2645
2694	2646
2695	2647
2696	2648
2697	2649
2698	2650
2699	2651
2700	2652
2701	2653
2702	2654
2703	2655
2704	2656
2705	2657
2706	2658
2707	2659
2708	2660
2709	2661
2710	2662
2711	2663
2712	2664
2713	2665
2714	2666
2715	2667
2716	2668
2717	2669
2718	2670
2719	2671
2720	2672
2721	2673
2722	2674
2723	2675
2724	2676
2725	2677
2726	2678
2727	2679
2728	2680
2729	2681
2730	2682
2731	2683
2732	2684
2733	2685
2734	2686
2735	2687
2736	2688
2737	2689
2738	2690
2739	2691
2740	2692
2741	2693
2742	2694
2743	2695
2744	2696
2745	2697
2746	2698
2747	2699
2748	2700
2749	2701
2750	2702
2751	2703
2752	2704
2753	2705
2754	2706
2755	2707
2756	2708
2757	2709
2758	2710
2759	2711
2760	2712
2761	2713
2762	2714
2763	2715
2764	2716
2765	2717
2766	2718
2767	2719
2768	2720
2769	2721
2770	2722
2771	2723
2772	2724
2773	2725
2774	2726
2775	2727
2776	2728
2777	2729
2778	2730
2779	2731
2780	2732
2781	2733
2782	2734
2783	2735
2784	2736
2785	2737
2786	2738
2787	2739
2788	2740
2789	2741
2790	2742
2791	2743
2792	2744
2793	2745
2794	2746
2795	2747
2796	2748
2797	2749
2798	2750
2799	2751
2800	2752
2801	2753
2802	2754
2803	2755
2804	2756
2805	2757
2806	2758
2807	2759
2808	2760
2809	2761
2810	2762
2811	2763
2812	2764
2813	2765
2814	2766
2815	2767
2816	2768
2817	2769
2818	2770
2819	2771
2820	2772
2821	2773
2822	2774
2823	2775
2824	2776
2825	2777
2826	2778
2827	2779
2828	2780
2829	2781
2830	2782
2831	2783
2832	2784
2833	2785
2834	2786
2835	2787
2836	2788
2837	2789
2838	2790
2839	2791
2840	2792
2841	2793
2842	2794
2843	2795
2844	2796
2845	2797
2846	2798
2847	2799
2848	2800
2849	2801
2850	2802
2851	2803
2852	2804
2853	2805
2854	2806
2855	2807
2856	2808
2857	2809
2858	2810
2859	2811
2860	2812
2861	2813
2862	2814
2863	2815
2864	2816
2865	2817
2866	2818
2867	2819
2868	2820
2869	2821
2870	2822
2871	2823
2872	2824
2873	2825
2874	2826
2875	2827
2876	2828
2877	2829
2878	2830
2879	2831
2880	2832
2881	2833
2882	2834
2883	2835
2884	2836
2885	2837
2886	2838
2887	2839
2888	2840
2889	2841
2890	2842
2891	2843
2892	2844
2893	2845
2894	2846
2895	2847
2896	2848
2897	2849
2898	2850
2899	2851
2900	2852
2901	2853
2902	2854
2903	2855
2904	2856
2905	2857
2906	2858
2907	2859
2908	2860
2909	2861
2910	2862
2911	2863
2912	2864
2913	2865
2914	2866
2915	2867
2916	2868
2917	2869
2918	2870
2919	2871
2920	2872
2921	2873
2922	2874
2923	2875
2924	2876
2925	2877
2926	2878
2927	2879
2928	2880
2929	2881
2930	2882
2931	2883
2932	2884
2933	2885
2934	2886
2935	2887
2936	2888
2937	2889
2938	2890
2939	2891
2940	2892
2941	2893
2942	2894
2943	2895
2944	2896
2945	2897
2946	2898
2947	2899
2948	2900
2949	2901
2950	2902
2951	2903
2952	2904
2953	2905
2954	2906
2955	2907
2956	2908
2957	2909
2958	2910
2959	2911
2960	2912
2961	2913
2962	2914
2963	2915
2964	2916
2965	2917
2966	2918
2967	2919
2968	2920
2969	2921
2970	2922
2971	2923
2972	2924
2973	2925
2974	2926
2975	2927
2976	2928
2977	2929
2978	2930
2979	2931
2980	2932
2981	2933
2982	2934
2983	2935
2984	2936
2985	2937
2986	2938
2987	2939
2988	2940
2989	2941
2990	2942
2991	2943
2992	2944
2993	2945
2994	2946
2995	2947
2996	2948
2997	2949
2998	2950
2999	2951
3000	2952
3001	2953
3002	2954
3003	2955
3004	2956
3005	2957
3006	2958
3007	2959
3008	2960
3009	2961
3010	2962
3011	2963
3012	2964
3013	2965
3014	2966
3015	2967
3016	2968
3017	2969
3018	2970
3019	2971
3020	2972
3021	2973
3022	2974
3023	2975
3024	2976
3025	2977
3026	2978
3027	2979
3028	2980
3029	2981
3030	2982
3031	2983
3032	2984
3033	2985
3034	2986
3035	2987
3036	2988
3037	2989
3038	2990
3039	2991
3040	2992
3041	2993
3042	2994
3043	2995
3044	2996
3045	2997
3046	2998
3047	2999
3048	3000
3049	3001
3050	3002
3051	3003
3052	3004
3053	3005
3054	3006
3055	3007
3056	3008
3057	3009
3058	3010
3059	3011
3060	3012
3061	3013
3062	3014
3063	3015
3064	3016
3065	3017
3066	3018
3067	3019
3068	3020
3069	3021
3070	3022
3071	3023
3072	3024
3073	3025
3074	3026
3075	3027
3076	3028
3077	3029
3078	3030
3079	3031
3080	3032
3081	3033
3082	3034
3083	3035
3084	3036
3085	3037
3086	3038
3087	3039
3088	3040
3089	3041
3090	3042
3091	3043
3092	3044
3093	3045
3094	3046
3095	3047
3096	3048
3097	3049
3098	3050
3099	3051
3100	3052
3101	3053
3102	3054
3103	3055
3104	3056
3105	3057
3106	3058
3107	3059
3108	3060
3109	3061
3110	3062
3111	3063
3112	3064
3113	3065
3114	3066
3115	3067
3116	3068
3117	3069
3118	3070
3119	3071
3120	3072
3121	3073
3122	3074
3123	3075
3124	3076
3125	3077
3126	3078
3127	3079
3128	3080
3129	3081
3130	3082
3131	3083
3132	3084
3133	3085
3134	3086
3135	3087
3136	3088
3137	3089
3138	3090
3139	3091
3140	3092
3141	3093
3142	3094
3143	3095
3144	3096
3145	3097
3146	3098
3147	3099
3148	3100
3149	3101
3150	3102
3151	3103
3152	3104
3153	3105
3154	3106
3155	3107
3156	3108
3157	3109
3158	3110
3159	3111
3160	3112
3161	3113
3162	3114
3163	3115
3164	3116
3165	3117
3166	3118
3167	3119
3168	3120
3169	3121
3170	3122
3171	3123
3172	3124
3173	3125
3174	3126
3175	3127
3176	3128
3177	3129
3178	3130
3179	3131
3180	3132
3181	3133
3182	3134
3183	3135
3184	3136
3185	3137
3186	3138
3187	3139
3188	3140
3189	3141
3190	3142
3191	3143
3192	3144
3193	3145
3194	3146
3195	3147
3196	3148
3197	3149
3198	3150
