60000000 1
60010000 2
60020000 3
60030000 4
60040000 5
60050000 6
60060000 7
60070000 8
60080000 9
60090000 10
60100000 11
60110000 12
60120000 13
60130000 14
60140000 15
60150000 16
60160000 17
60170000 18
60180000 19
60190000 20
60200000 21
60210000 22
60220000 23
60230000 24
60240000 25
60250000 26
60260000 27
60270000 28
60280000 29
60290000 30
60300000 31
60310000 32
60320000 33
60330000 34
60340000 35
60350000 36
60360000 37
60370000 38
60380000 39
60390000 40
60400000 41
60410000 42
60420000 43
60430000 44
60440000 45
60450000 46
60460000 47
60470000 48
60480000 49
60490000 50
60500000 51
60510000 52
60520000 53
60530000 54
60540000 55
60550000 56
60560000 57
60570000 58
60580000 59
60590000 60
60600000 61
60610000 62
60620000 63
60630000 64
60640000 65
60650000 66
60660000 67
60670000 68
60680000 69
60690000 70
60700000 71
60710000 72
60720000 73
60730000 74
60740000 75
60750000 76
60760000 77
60770000 78
60780000 79
60790000 80
60800000 81
60810000 82
60820000 83
60830000 84
60840000 85
60850000 86
60860000 87
60870000 88
60880000 89
60890000 90
60900000 91
60910000 92
60920000 93
60930000 94
60940000 95
60950000 96
60960000 97
60970000 98
60980000 99
60990000 100
61000000 101
61010000 102
61020000 103
61030000 104
61040000 105
61050000 106
61060000 107
61070000 108
61080000 109
61090000 110
61100000 111
61110000 112
61120000 113
61130000 114
61140000 115
61150000 116
61160000 117
61170000 118
61180000 119
61190000 120
61200000 121
61210000 122
61220000 123
61230000 124
61240000 125
61250000 126
61260000 127
61270000 128
61280000 129
61290000 130
61300000 131
61310000 132
61320000 133
61330000 134
61340000 135
61350000 136
61360000 137
61370000 138
61380000 139
61390000 140
61400000 141
61410000 142
61420000 143
61430000 144
61440000 145
61450000 146
61460000 147
61470000 148
61480000 149
61490000 150
61500000 151
61510000 152
61520000 153
61530000 154
61540000 155
61550000 156
61560000 157
61570000 158
61580000 159
61590000 160
61600000 161
61610000 162
61620000 163
61630000 164
61640000 165
61650000 166
61660000 167
61670000 168
61680000 169
61690000 170
61700000 171
61710000 172
61720000 173
61730000 174
61740000 175
61750000 176
61760000 177
61770000 178
61780000 179
61790000 180
61800000 181
61810000 182
61820000 183
61830000 184
61840000 185
61850000 186
61860000 187
61870000 188
61880000 189
61890000 190
61900000 191
61910000 192
61920000 193
61930000 194
61940000 195
61950000 196
61960000 197
61970000 198
61980000 199
61990000 200
62000000 201
62010000 202
62020000 203
62030000 204
62040000 205
62050000 206
62060000 207
62070000 208
62080000 209
62090000 210
62100000 211
62110000 212
62120000 213
62130000 214
62140000 215
62150000 216
62160000 217
62170000 218
62180000 219
62190000 220
62200000 221
62210000 222
62220000 223
62230000 224
62240000 225
62250000 226
62260000 227
62270000 228
62280000 229
62290000 230
62300000 231
62310000 232
62320000 233
62330000 234
62340000 235
62350000 236
62360000 237
62370000 238
62380000 239
62390000 240
62400000 241
62410000 242
62460000 243
62470000 244
62480000 245
62490000 246
62500000 247
62510000 248
62520000 249
62530000 250
62540000 251
62550000 252
62560000 253
62570000 254
62580000 255
62590000 256
62600000 257
62610000 258
62620000 259
62630000 260
62640000 261
62650000 262
62660000 263
62670000 264
62680000 265
62690000 266
62700000 267
62710000 268
62720000 269
62730000 270
62740000 271
62750000 272
62760000 273
62770000 274
62780000 275
62790000 276
62800000 277
62810000 278
62820000 279
62830000 280
62840000 281
62850000 282
62860000 283
62870000 284
62890000 285
62900000 286
62910000 287
62920000 288
62930000 289
62940000 290
62950000 291
62960000 292
62970000 293
62980000 294
62990000 295
63000000 296
63010000 297
63020000 298
63030000 299
63040000 300
63050000 301
63060000 302
63070000 303
63080000 304
63090000 305
63100000 306
63110000 307
63120000 308
63130000 309
63140000 310
63150000 311
63160000 312
63170000 313
63180000 314
63190000 315
63200000 316
63210000 317
63220000 318
63230000 319
63240000 320
63250000 321
63260000 322
63270000 323
63280000 324
63290000 325
63300000 326
63310000 327
63320000 328
63330000 329
63340000 330
63350000 331
63360000 332
63370000 333
63380000 334
63390000 335
63400000 336
63410000 337
63420000 338
63430000 339
63440000 340
63450000 341
63460000 342
63470000 343
63480000 344
63490000 345
63500000 346
63510000 347
63520000 348
63530000 349
63540000 350
63550000 351
63560000 352
63570000 353
63580000 354
63590000 355
63600000 356
63610000 357
63620000 358
63630000 359
63640000 360
63650000 361
63660000 362
63670000 363
63680000 364
63690000 365
63700000 366
63710000 367
63720000 368
63730000 369
63740000 370
63750000 371
63760000 372
63770000 373
63780000 374
63790000 375
63800000 376
63810000 377
63820000 378
63830000 379
63840000 380
63850000 381
63860000 382
63870000 383
63880000 384
63890000 385
63900000 386
63910000 387
63920000 388
63930000 389
63940000 390
63950000 391
63960000 392
63970000 393
63980000 394
63990000 395
64000000 396
64010000 397
64020000 398
64030000 399
64040000 400
64050000 401
64060000 402
64070000 403
64080000 404
64090000 405
64100000 406
64110000 407
64120000 408
64130000 409
64140000 410
64150000 411
64160000 412
64170000 413
64180000 414
64190000 415
64200000 416
64210000 417
64220000 418
64230000 419
64240000 420
64250000 421
64260000 422
64270000 423
64280000 424
64290000 425
64300000 426
64310000 427
64320000 428
64330000 429
64340000 430
64350000 431
64360000 432
64370000 433
64380000 434
64390000 435
64400000 436
64410000 437
64420000 438
64430000 439
64440000 440
64450000 441
64460000 442
64470000 443
64480000 444
64490000 445
64500000 446
64510000 447
64520000 448
64530000 449
64540000 450
64550000 451
64560000 452
64570000 453
64580000 454
64590000 455
64600000 456
64610000 457
64620000 458
64630000 459
64640000 460
64650000 461
64660000 462
64670000 463
64680000 464
64690000 465
64700000 466
64710000 467
64720000 468
64730000 469
64740000 470
64750000 471
64760000 472
64770000 473
64780000 474
64790000 475
64800000 476
64810000 477
64820000 478
64830000 479
64840000 480
64850000 481
64860000 482
64870000 483
64880000 484
64890000 485
64900000 486
64910000 487
64920000 488
64930000 489
64940000 490
64950000 491
64960000 492
64970000 493
64980000 494
64990000 495
65000000 496
65010000 497
65020000 498
65030000 499
65040000 500
65050000 501
65060000 502
65070000 503
65080000 504
65090000 505
65100000 506
65110000 507
65120000 508
65130000 509
65140000 510
65150000 511
65160000 512
65170000 513
65180000 514
65190000 515
65200000 516
65210000 517
65220000 518
65230000 519
65240000 520
65250000 521
65260000 522
65270000 523
65280000 524
65290000 525
65300000 526
65310000 527
65320000 528
65330000 529
65340000 530
65350000 531
65360000 532
65370000 533
65380000 534
65390000 535
65400000 536
65410000 537
65420000 538
65430000 539
65440000 540
65450000 541
65460000 542
65470000 543
65480000 544
65490000 545
65500000 546
65510000 547
65520000 548
65530000 549
65540000 550
65550000 551
65560000 552
65570000 553
65580000 554
65590000 555
65600000 556
65610000 557
65620000 558
65630000 559
65640000 560
65650000 561
65660000 562
65670000 563
65680000 564
65690000 565
65700000 566
65710000 567
65720000 568
65730000 569
65740000 570
65750000 571
65760000 572
65770000 573
65780000 574
65790000 575
65800000 576
65810000 577
65820000 578
65830000 579
65840000 580
65850000 581
65860000 582
65870000 583
65880000 584
65890000 585
65900000 586
65910000 587
65920000 588
65930000 589
65940000 590
65950000 591
65960000 592
65970000 593
65980000 594
65990000 595
66000000 596
66010000 597
66020000 598
66030000 599
66040000 600
66050000 601
66060000 602
66070000 603
66080000 604
66090000 605
66100000 606
66110000 607
66120000 608
66130000 609
66140000 610
66150000 611
66160000 612
66170000 613
66180000 614
66190000 615
66200000 616
66210000 617
66220000 618
66230000 619
66240000 620
66250000 621
66260000 622
66270000 623
66280000 624
66290000 625
66300000 626
66310000 627
66320000 628
66330000 629
66340000 630
66350000 631
66360000 632
66370000 633
66380000 634
66390000 635
66400000 636
66410000 637
66420000 638
66430000 639
66440000 640
66450000 641
66460000 642
66470000 643
66480000 644
66490000 645
66500000 646
66510000 647
66520000 648
66530000 649
66540000 650
66550000 651
66560000 652
66570000 653
66580000 654
66590000 655
66600000 656
66610000 657
66620000 658
66630000 659
66640000 660
66650000 661
66660000 662
66670000 663
66680000 664
66690000 665
66700000 666
66710000 667
66720000 668
66730000 669
66740000 670
66750000 671
66760000 672
66770000 673
66780000 674
66790000 675
66800000 676
66810000 677
66820000 678
66830000 679
66840000 680
66850000 681
66860000 682
66870000 683
66880000 684
66890000 685
66900000 686
66910000 687
66920000 688
66930000 689
66940000 690
66950000 691
66960000 692
66970000 693
66980000 694
66990000 695
67000000 696
67010000 697
67020000 698
67030000 699
67040000 700
67050000 701
67060000 702
67070000 703
67080000 704
67090000 705
67100000 706
67110000 707
67120000 708
67130000 709
67140000 710
67150000 711
67160000 712
67170000 713
67180000 714
67190000 715
67200000 716
67210000 717
67220000 718
67230000 719
67240000 720
67250000 721
67260000 722
67270000 723
67280000 724
67290000 725
67300000 726
67310000 727
67320000 728
67330000 729
67340000 730
67350000 731
67360000 732
67370000 733
67380000 734
67390000 735
67400000 736
67410000 737
67420000 738
67430000 739
67440000 740
67450000 741
67460000 742
67470000 743
67480000 744
67490000 745
67500000 746
67510000 747
67520000 748
67530000 749
67540000 750
67550000 751
67560000 752
67570000 753
67580000 754
67590000 755
67600000 756
67610000 757
67620000 758
67630000 759
67640000 760
67650000 761
67660000 762
67670000 763
67680000 764
67690000 765
67700000 766
67710000 767
67720000 768
67730000 769
67740000 770
67750000 771
67760000 772
67770000 773
67780000 774
67790000 775
67800000 776
67810000 777
67820000 778
67830000 779
67840000 780
67850000 781
67860000 782
67870000 783
67880000 784
67890000 785
67900000 786
67910000 787
67920000 788
67930000 789
67940000 790
67950000 791
67960000 792
67970000 793
67980000 794
67990000 795
68000000 796
68010000 797
68020000 798
68030000 799
68040000 800
68050000 801
68060000 802
68070000 803
68080000 804
68090000 805
68100000 806
68110000 807
68120000 808
68130000 809
68140000 810
68150000 811
68160000 812
68170000 813
68180000 814
68190000 815
68200000 816
68210000 817
68220000 818
68230000 819
68240000 820
68250000 821
68260000 822
68270000 823
68280000 824
68290000 825
68300000 826
68310000 827
68320000 828
68330000 829
68340000 830
68350000 831
68360000 832
68370000 833
68380000 834
68390000 835
68400000 836
68410000 837
68420000 838
68430000 839
68440000 840
68450000 841
68460000 842
68470000 843
68480000 844
68490000 845
68500000 846
68510000 847
68520000 848
68530000 849
68540000 850
68550000 851
68560000 852
68570000 853
68580000 854
68590000 855
68600000 856
68610000 857
68620000 858
68630000 859
68640000 860
68650000 861
68660000 862
68670000 863
68680000 864
68690000 865
68700000 866
68710000 867
68720000 868
68730000 869
68740000 870
68750000 871
68760000 872
68770000 873
68780000 874
68790000 875
68800000 876
68810000 877
68820000 878
68830000 879
68840000 880
68850000 881
68860000 882
68870000 883
68880000 884
68890000 885
68900000 886
68910000 887
68920000 888
68930000 889
68940000 890
68950000 891
68960000 892
68970000 893
68980000 894
68990000 895
69000000 896
69010000 897
69020000 898
69030000 899
69040000 900
69050000 901
69060000 902
69070000 903
69080000 904
69090000 905
69100000 906
69110000 907
69120000 908
69130000 909
69140000 910
69150000 911
69160000 912
69170000 913
69180000 914
69190000 915
69200000 916
69210000 917
69220000 918
69230000 919
69240000 920
69250000 921
69260000 922
69270000 923
69280000 924
69290000 925
69300000 926
69310000 927
69320000 928
69330000 929
69340000 930
69350000 931
69360000 932
69370000 933
69380000 934
69390000 935
69400000 936
69410000 937
69420000 938
69430000 939
69440000 940
69450000 941
69460000 942
69470000 943
69480000 944
69490000 945
69500000 946
69510000 947
69520000 948
69530000 949
69540000 950
69550000 951
69560000 952
69570000 953
69580000 954
69590000 955
69600000 956
69610000 957
69620000 958
69630000 959
69640000 960
69650000 961
69660000 962
69670000 963
69680000 964
69690000 965
69700000 966
69710000 967
69720000 968
69730000 969
69740000 970
69750000 971
69760000 972
69770000 973
69780000 974
69790000 975
69800000 976
69810000 977
69820000 978
69830000 979
69840000 980
69850000 981
69860000 982
69870000 983
69880000 984
69890000 985
69900000 986
69910000 987
69920000 988
69930000 989
69940000 990
69950000 991
69960000 992
69970000 993
69980000 994
69990000 995
70000000 996
