500000 1
1000000 2
1500000 3
2000000 4
2500000 5
3000000 6
3500000 7
4000000 8
4500000 9
5000000 10
5500000 11
6000000 12
6500000 13
7000000 14
7500000 15
8000000 16
8500000 17
9000000 18
9500000 19
10000000 20
10500000 21
11000000 22
11500000 23
12000000 24
12500000 25
13000000 26
13500000 27
14000000 28
14500000 29
15000000 30
15500000 31
16000000 32
16500000 33
17000000 34
17500000 35
18000000 36
18500000 37
19000000 38
19500000 39
20000000 40
20500000 41
21000000 42
21500000 43
22000000 44
22500000 45
23000000 46
23500000 47
24000000 48
24500000 49
25000000 50
25500000 51
26000000 52
26500000 53
27000000 54
27500000 55
28000000 56
28500000 57
29000000 58
29500000 59
30000000 60
30500000 61
31000000 62
31500000 63
32000000 64
32500000 65
33000000 66
33500000 67
34000000 68
34500000 69
35000000 70
35500000 71
36000000 72
36500000 73
37000000 74
37500000 75
38000000 76
38500000 77
39000000 78
39500000 79
40000000 80
40500000 81
41000000 82
41500000 83
42000000 84
42500000 85
43000000 86
43500000 87
44000000 88
44500000 89
45000000 90
45500000 91
46000000 92
46500000 93
47000000 94
47500000 95
48000000 96
48500000 97
49000000 98
49500000 99
50000000 100
50500000 101
51000000 102
51500000 103
52000000 104
52500000 105
53000000 106
53500000 107
54000000 108
54500000 109
55000000 110
55500000 111
56000000 112
56500000 113
57000000 114
57500000 115
58000000 116
58500000 117
59000000 118
59500000 119
60000000 120
60500000 121
61000000 122
61500000 123
62000000 124
62500000 125
63000000 126
63500000 127
64000000 128
64500000 129
65000000 130
65500000 131
66000000 132
66500000 133
67000000 134
67500000 135
68000000 136
68500000 137
69000000 138
69500000 139
70000000 140
70500000 141
71000000 142
71500000 143
72000000 144
72500000 145
73000000 146
73500000 147
74000000 148
74500000 149
75000000 150
75500000 151
76000000 152
76500000 153
77000000 154
77500000 155
78000000 156
78500000 157
79000000 158
79500000 159
80000000 160
80500000 161
81000000 162
81500000 163
82000000 164
82500000 165
83000000 166
83500000 167
84000000 168
84500000 169
85000000 170
85500000 171
86000000 172
86500000 173
87000000 174
87500000 175
88000000 176
88500000 177
89000000 178
89500000 179
90000000 180
90500000 181
91000000 182
91500000 183
92000000 184
92500000 185
93000000 186
93500000 187
94000000 188
94500000 189
95000000 190
95500000 191
96000000 192
96500000 193
97000000 194
97500000 195
98000000 196
98500000 197
99000000 198
99500000 199
100000000 200
100500000 201
101000000 202
101500000 203
102000000 204
102500000 205
103000000 206
103500000 207
104000000 208
104500000 209
105000000 210
105500000 211
106000000 212
106500000 213
107000000 214
107500000 215
108000000 216
108500000 217
109000000 218
109500000 219
110000000 220
110500000 221
111000000 222
111500000 223
112000000 224
112500000 225
113000000 226
113500000 227
114000000 228
114500000 229
115000000 230
115500000 231
116000000 232
116500000 233
117000000 234
117500000 235
118000000 236
118500000 237
119000000 238
119500000 239
120000000 240
120500000 241
121000000 242
121500000 243
122000000 244
