50000 1
100000 2
150000 3
650000 4
3050000 5
3100000 6
3150000 7
3200000 8
3250000 9
3300000 10
3350000 11
3400000 12
3450000 13
3500000 14
3550000 15
3600000 16
3650000 17
3700000 18
3750000 19
3800000 20
3850000 21
3900000 22
3950000 23
4000000 24
4050000 25
4100000 26
4150000 27
4200000 28
4250000 29
4300000 30
4350000 31
4400000 32
4450000 33
4500000 34
4550000 35
4600000 36
4650000 37
4700000 38
4750000 39
4800000 40
4850000 41
4900000 42
4950000 43
5000000 44
5050000 45
5100000 46
5150000 47
5200000 48
5250000 49
5300000 50
5350000 51
5400000 52
5450000 53
5500000 54
5550000 55
5600000 56
5650000 57
5700000 58
5750000 59
5800000 60
5850000 61
5900000 62
5950000 63
6000000 64
6050000 65
6100000 66
6150000 67
6200000 68
6250000 69
6300000 70
6350000 71
6400000 72
6450000 73
6500000 74
6550000 75
6600000 76
6650000 77
6700000 78
6750000 79
6800000 80
6850000 81
6900000 82
6950000 83
7000000 84
7050000 85
7100000 86
7150000 87
7200000 88
7250000 89
7300000 90
7350000 91
7400000 92
7450000 93
7500000 94
7550000 95
7600000 96
7650000 97
7700000 98
7750000 99
7800000 100
7850000 101
7900000 102
7950000 103
8000000 104
8050000 105
8100000 106
8150000 107
8200000 108
8250000 109
8300000 110
8350000 111
8400000 112
8450000 113
8500000 114
8550000 115
8600000 116
8650000 117
8700000 118
8750000 119
8800000 120
8850000 121
8900000 122
8950000 123
9000000 124
9050000 125
9100000 126
9150000 127
9200000 128
9250000 129
9300000 130
9350000 131
9400000 132
9450000 133
9500000 134
9550000 135
9600000 136
9650000 137
9700000 138
9750000 139
9800000 140
9850000 141
9900000 142
9950000 143
10000000 144
10050000 145
10100000 146
10150000 147
10200000 148
10250000 149
10300000 150
10350000 151
10400000 152
10450000 153
10500000 154
10550000 155
10600000 156
10650000 157
10700000 158
10750000 159
10800000 160
10850000 161
10900000 162
10950000 163
11000000 164
11050000 165
11100000 166
11150000 167
11200000 168
11250000 169
11300000 170
11350000 171
11400000 172
11450000 173
11500000 174
11550000 175
11600000 176
11650000 177
11700000 178
11750000 179
11800000 180
11850000 181
11900000 182
11950000 183
12000000 184
12050000 185
12100000 186
12150000 187
12200000 188
12250000 189
12300000 190
12350000 191
12400000 192
12450000 193
12500000 194
12550000 195
12600000 196
12650000 197
12700000 198
12750000 199
12800000 200
12850000 201
12900000 202
12950000 203
13000000 204
13050000 205
13100000 206
13150000 207
13200000 208
13250000 209
13300000 210
13350000 211
13400000 212
13450000 213
13500000 214
13550000 215
13600000 216
13650000 217
13700000 218
13750000 219
13800000 220
13850000 221
13900000 222
13950000 223
14000000 224
14050000 225
14100000 226
14150000 227
14200000 228
14250000 229
14300000 230
14350000 231
14400000 232
14450000 233
14500000 234
14550000 235
14600000 236
14650000 237
14700000 238
14750000 239
14800000 240
14850000 241
14900000 242
14950000 243
15000000 244
15050000 245
15100000 246
15150000 247
15200000 248
15250000 249
15300000 250
15350000 251
15400000 252
15450000 253
15500000 254
15550000 255
15600000 256
15650000 257
15700000 258
15750000 259
15800000 260
15850000 261
15900000 262
15950000 263
16000000 264
16050000 265
16100000 266
16150000 267
16200000 268
16250000 269
16300000 270
16350000 271
16400000 272
16450000 273
16500000 274
16550000 275
16600000 276
16650000 277
16700000 278
16750000 279
16800000 280
16850000 281
16900000 282
16950000 283
17000000 284
17050000 285
17100000 286
17150000 287
17200000 288
17250000 289
17300000 290
17350000 291
17400000 292
17450000 293
17500000 294
17550000 295
17600000 296
17650000 297
17700000 298
17750000 299
17800000 300
17850000 301
17900000 302
17950000 303
18000000 304
18050000 305
18100000 306
18150000 307
18200000 308
18250000 309
18300000 310
18350000 311
18400000 312
18450000 313
18500000 314
18550000 315
18600000 316
18650000 317
18700000 318
18750000 319
18800000 320
18850000 321
18900000 322
18950000 323
19000000 324
19050000 325
19100000 326
19150000 327
19200000 328
19250000 329
19300000 330
19350000 331
19400000 332
19450000 333
19500000 334
19550000 335
19600000 336
19650000 337
19700000 338
19750000 339
19800000 340
19850000 341
19900000 342
19950000 343
20000000 344
20050000 345
20100000 346
20150000 347
20200000 348
20250000 349
20300000 350
20350000 351
20400000 352
20450000 353
20500000 354
20550000 355
20600000 356
20650000 357
20700000 358
20750000 359
20800000 360
20850000 361
20900000 362
20950000 363
21000000 364
21050000 365
21100000 366
21150000 367
21200000 368
21250000 369
21300000 370
21350000 371
21400000 372
21450000 373
21500000 374
21550000 375
21600000 376
21650000 377
21700000 378
21750000 379
21800000 380
21850000 381
21900000 382
21950000 383
22000000 384
22050000 385
22100000 386
22150000 387
22200000 388
22250000 389
22300000 390
22350000 391
22400000 392
22450000 393
22500000 394
22550000 395
22600000 396
22650000 397
22700000 398
22750000 399
22800000 400
22850000 401
22900000 402
22950000 403
23000000 404
23050000 405
23100000 406
23150000 407
23200000 408
23250000 409
23300000 410
23350000 411
23400000 412
23450000 413
23500000 414
23550000 415
23600000 416
23650000 417
23700000 418
23750000 419
23800000 420
23850000 421
23900000 422
23950000 423
24000000 424
24050000 425
24100000 426
24150000 427
24200000 428
24250000 429
24300000 430
24350000 431
24400000 432
24450000 433
24500000 434
24550000 435
24600000 436
24650000 437
24700000 438
24750000 439
24800000 440
24850000 441
24900000 442
24950000 443
25000000 444
25050000 445
25100000 446
25150000 447
25200000 448
25250000 449
25300000 450
25350000 451
25400000 452
25450000 453
25500000 454
25550000 455
25600000 456
25650000 457
25700000 458
25750000 459
25800000 460
25850000 461
25900000 462
25950000 463
26000000 464
26050000 465
26100000 466
26150000 467
26200000 468
26250000 469
26300000 470
26350000 471
26400000 472
26450000 473
26500000 474
26550000 475
26600000 476
26650000 477
26700000 478
26750000 479
26800000 480
26850000 481
26900000 482
26950000 483
27000000 484
27050000 485
27100000 486
27150000 487
27200000 488
27250000 489
27300000 490
27350000 491
27400000 492
27450000 493
27500000 494
27550000 495
27600000 496
27650000 497
27700000 498
27750000 499
27800000 500
27850000 501
27900000 502
27950000 503
28000000 504
28050000 505
28100000 506
28150000 507
28200000 508
28250000 509
28300000 510
28350000 511
28400000 512
28450000 513
28500000 514
28550000 515
28600000 516
28650000 517
28700000 518
28750000 519
28800000 520
28850000 521
28900000 522
28950000 523
29000000 524
29050000 525
29100000 526
29150000 527
29200000 528
29250000 529
29300000 530
29350000 531
29400000 532
29450000 533
29500000 534
29550000 535
29600000 536
29650000 537
29700000 538
29750000 539
29800000 540
29850000 541
29900000 542
29950000 543
30000000 544
30050000 545
30100000 546
30150000 547
30200000 548
30250000 549
30300000 550
30350000 551
30400000 552
30450000 553
30500000 554
30550000 555
30600000 556
30650000 557
30700000 558
30750000 559
30800000 560
30850000 561
30900000 562
30950000 563
31000000 564
31050000 565
31100000 566
31150000 567
31200000 568
31250000 569
31300000 570
31350000 571
31400000 572
31450000 573
31500000 574
31550000 575
31600000 576
31650000 577
31700000 578
31750000 579
31800000 580
31850000 581
31900000 582
31950000 583
32000000 584
32050000 585
32100000 586
32150000 587
32200000 588
32250000 589
32300000 590
32350000 591
32400000 592
32450000 593
32500000 594
32550000 595
32600000 596
32650000 597
32700000 598
32750000 599
32800000 600
32850000 601
32900000 602
32950000 603
33000000 604
33050000 605
33100000 606
33150000 607
33200000 608
33250000 609
33300000 610
33350000 611
33400000 612
33450000 613
33500000 614
33550000 615
33600000 616
33650000 617
33700000 618
33750000 619
33800000 620
33850000 621
33900000 622
33950000 623
34000000 624
34050000 625
34100000 626
34150000 627
34200000 628
34250000 629
34300000 630
34350000 631
34400000 632
34450000 633
34500000 634
34550000 635
34600000 636
34650000 637
34700000 638
34750000 639
34800000 640
34850000 641
34900000 642
34950000 643
35000000 644
35050000 645
35100000 646
35150000 647
35200000 648
35250000 649
35300000 650
35350000 651
35400000 652
35450000 653
35500000 654
35550000 655
35600000 656
35650000 657
35700000 658
35750000 659
35800000 660
35850000 661
35900000 662
35950000 663
36000000 664
36050000 665
36100000 666
36150000 667
36200000 668
36250000 669
36300000 670
36350000 671
36400000 672
36450000 673
36500000 674
36550000 675
36600000 676
36650000 677
36700000 678
36750000 679
36800000 680
36850000 681
36900000 682
36950000 683
37000000 684
37050000 685
37100000 686
37150000 687
37200000 688
37250000 689
37300000 690
37350000 691
37400000 692
37450000 693
37500000 694
37550000 695
37600000 696
37650000 697
37700000 698
37750000 699
37800000 700
37850000 701
37900000 702
37950000 703
38000000 704
38050000 705
38100000 706
38150000 707
38200000 708
38250000 709
38300000 710
38350000 711
38400000 712
38450000 713
38500000 714
38550000 715
38600000 716
38650000 717
38700000 718
38750000 719
38800000 720
38850000 721
38900000 722
38950000 723
39000000 724
39050000 725
39100000 726
39150000 727
39200000 728
39250000 729
39300000 730
39350000 731
39400000 732
39450000 733
39500000 734
39550000 735
39600000 736
39650000 737
39700000 738
39750000 739
39800000 740
39850000 741
39900000 742
39950000 743
40000000 744
40050000 745
40100000 746
40150000 747
40200000 748
40250000 749
40300000 750
40350000 751
40400000 752
40450000 753
40500000 754
40550000 755
40600000 756
40650000 757
40700000 758
40750000 759
40800000 760
40850000 761
40900000 762
40950000 763
41000000 764
41050000 765
41100000 766
41150000 767
41200000 768
41250000 769
41300000 770
41350000 771
41400000 772
41450000 773
41500000 774
41550000 775
41600000 776
41650000 777
41700000 778
41750000 779
41800000 780
41850000 781
41900000 782
41950000 783
42000000 784
42050000 785
42100000 786
42150000 787
42200000 788
42250000 789
42300000 790
42350000 791
42400000 792
42450000 793
42500000 794
42550000 795
42600000 796
42650000 797
42700000 798
42750000 799
42800000 800
42850000 801
42900000 802
42950000 803
43000000 804
43050000 805
43100000 806
43150000 807
43200000 808
43250000 809
43300000 810
43350000 811
43400000 812
43450000 813
43500000 814
43550000 815
43600000 816
43650000 817
43700000 818
43750000 819
43800000 820
43850000 821
43900000 822
43950000 823
44000000 824
44050000 825
44100000 826
44150000 827
44200000 828
44250000 829
44300000 830
44350000 831
44400000 832
44450000 833
44500000 834
44550000 835
44600000 836
44650000 837
44700000 838
44750000 839
44800000 840
44850000 841
44900000 842
44950000 843
45000000 844
45050000 845
45100000 846
45150000 847
45200000 848
45250000 849
45300000 850
45350000 851
45400000 852
45450000 853
45500000 854
45550000 855
45600000 856
45650000 857
45700000 858
45750000 859
45800000 860
45850000 861
45900000 862
45950000 863
46000000 864
46050000 865
46100000 866
46150000 867
46200000 868
46250000 869
46300000 870
46350000 871
46400000 872
46450000 873
46500000 874
46550000 875
46600000 876
46650000 877
46700000 878
46750000 879
46800000 880
46850000 881
46900000 882
46950000 883
47000000 884
47050000 885
47100000 886
47150000 887
47200000 888
47250000 889
47300000 890
47350000 891
47400000 892
47450000 893
47500000 894
47550000 895
47600000 896
47650000 897
47700000 898
47750000 899
47800000 900
47850000 901
47900000 902
47950000 903
48000000 904
48050000 905
48100000 906
48150000 907
48200000 908
48250000 909
48300000 910
48350000 911
48400000 912
48450000 913
48500000 914
48550000 915
48600000 916
48650000 917
48700000 918
48750000 919
48800000 920
48850000 921
48900000 922
48950000 923
49000000 924
49050000 925
49100000 926
49150000 927
49200000 928
49250000 929
49300000 930
49350000 931
49400000 932
49450000 933
49500000 934
49550000 935
49600000 936
49650000 937
49700000 938
49750000 939
49800000 940
49850000 941
49900000 942
49950000 943
50000000 944
50050000 945
50100000 946
50150000 947
50200000 948
50250000 949
50300000 950
50350000 951
50400000 952
50450000 953
50500000 954
50550000 955
50600000 956
50650000 957
50700000 958
50750000 959
50800000 960
50850000 961
50900000 962
50950000 963
51000000 964
51050000 965
51100000 966
51150000 967
51200000 968
51250000 969
51300000 970
51350000 971
51400000 972
51450000 973
51500000 974
51550000 975
51600000 976
51650000 977
51700000 978
51750000 979
51800000 980
51850000 981
51900000 982
51950000 983
52000000 984
52050000 985
52100000 986
52150000 987
52200000 988
52250000 989
52300000 990
52350000 991
52400000 992
52450000 993
52500000 994
52550000 995
52600000 996
52650000 997
52700000 998
52750000 999
52800000 1000
52850000 1001
52900000 1002
52950000 1003
53000000 1004
53050000 1005
53100000 1006
53150000 1007
53200000 1008
53250000 1009
53300000 1010
53350000 1011
53400000 1012
53450000 1013
53500000 1014
53550000 1015
53600000 1016
53650000 1017
53700000 1018
53750000 1019
53800000 1020
53850000 1021
53900000 1022
53950000 1023
54000000 1024
54050000 1025
54100000 1026
54150000 1027
54200000 1028
54250000 1029
54300000 1030
54350000 1031
54400000 1032
54450000 1033
54500000 1034
54550000 1035
54600000 1036
54650000 1037
54700000 1038
54750000 1039
54800000 1040
54850000 1041
54900000 1042
54950000 1043
55000000 1044
55050000 1045
55100000 1046
55150000 1047
55200000 1048
55250000 1049
55300000 1050
55350000 1051
55400000 1052
55450000 1053
55500000 1054
55550000 1055
55600000 1056
55650000 1057
55700000 1058
55750000 1059
55800000 1060
55850000 1061
55900000 1062
55950000 1063
56000000 1064
56050000 1065
56100000 1066
56150000 1067
56200000 1068
56250000 1069
56300000 1070
56350000 1071
56400000 1072
56450000 1073
56500000 1074
56550000 1075
56600000 1076
56650000 1077
56700000 1078
56750000 1079
56800000 1080
56850000 1081
56900000 1082
56950000 1083
57000000 1084
57050000 1085
57100000 1086
57150000 1087
57200000 1088
57250000 1089
57300000 1090
57350000 1091
57400000 1092
57450000 1093
57500000 1094
57550000 1095
57600000 1096
57650000 1097
57700000 1098
57750000 1099
57800000 1100
57850000 1101
57900000 1102
57950000 1103
58000000 1104
58050000 1105
58100000 1106
58150000 1107
58200000 1108
58250000 1109
58300000 1110
58350000 1111
58400000 1112
58450000 1113
58500000 1114
58550000 1115
58600000 1116
58650000 1117
58700000 1118
58750000 1119
58800000 1120
58850000 1121
58900000 1122
58950000 1123
59000000 1124
59050000 1125
59100000 1126
59150000 1127
59200000 1128
59250000 1129
59300000 1130
59350000 1131
59400000 1132
59450000 1133
59500000 1134
59550000 1135
59600000 1136
59650000 1137
59700000 1138
59750000 1139
59800000 1140
59850000 1141
59900000 1142
59950000 1143
60000000 1144
60050000 1145
60100000 1146
60150000 1147
60200000 1148
60250000 1149
60300000 1150
60350000 1151
60400000 1152
60450000 1153
60500000 1154
60550000 1155
60600000 1156
60650000 1157
60700000 1158
60750000 1159
60800000 1160
60850000 1161
60900000 1162
60950000 1163
61000000 1164
61050000 1165
61100000 1166
61150000 1167
61200000 1168
61250000 1169
61300000 1170
61350000 1171
61400000 1172
61450000 1173
61500000 1174
61550000 1175
61600000 1176
61650000 1177
61700000 1178
61750000 1179
61800000 1180
61850000 1181
61900000 1182
61950000 1183
62000000 1184
62050000 1185
62100000 1186
62150000 1187
62200000 1188
62250000 1189
62300000 1190
62350000 1191
62400000 1192
62450000 1193
62500000 1194
62550000 1195
62600000 1196
62650000 1197
62700000 1198
62750000 1199
62800000 1200
62850000 1201
62900000 1202
62950000 1203
63000000 1204
63050000 1205
63100000 1206
63150000 1207
63200000 1208
63250000 1209
63300000 1210
63350000 1211
63400000 1212
63450000 1213
63500000 1214
63550000 1215
63600000 1216
63650000 1217
63700000 1218
63750000 1219
63800000 1220
63850000 1221
63900000 1222
63950000 1223
64000000 1224
64050000 1225
64100000 1226
64150000 1227
64200000 1228
64250000 1229
64300000 1230
64350000 1231
64400000 1232
64450000 1233
64500000 1234
64550000 1235
64600000 1236
64650000 1237
64700000 1238
64750000 1239
64800000 1240
64850000 1241
64900000 1242
64950000 1243
65000000 1244
65050000 1245
65100000 1246
65150000 1247
65200000 1248
65250000 1249
65300000 1250
65350000 1251
65400000 1252
65450000 1253
65500000 1254
65550000 1255
65600000 1256
65650000 1257
65700000 1258
65750000 1259
65800000 1260
65850000 1261
65900000 1262
65950000 1263
66000000 1264
66050000 1265
66100000 1266
66150000 1267
66200000 1268
66250000 1269
66300000 1270
66350000 1271
66400000 1272
66450000 1273
66500000 1274
66550000 1275
66600000 1276
66650000 1277
66700000 1278
66750000 1279
66800000 1280
66850000 1281
66900000 1282
66950000 1283
67000000 1284
67050000 1285
67100000 1286
67150000 1287
67200000 1288
67250000 1289
67300000 1290
67350000 1291
67400000 1292
67450000 1293
67500000 1294
67550000 1295
67600000 1296
67650000 1297
67700000 1298
67750000 1299
67800000 1300
67850000 1301
67900000 1302
67950000 1303
68000000 1304
68050000 1305
68100000 1306
68150000 1307
68200000 1308
68250000 1309
68300000 1310
68350000 1311
68400000 1312
68450000 1313
68500000 1314
68550000 1315
68600000 1316
68650000 1317
68700000 1318
68750000 1319
68800000 1320
68850000 1321
68900000 1322
68950000 1323
69000000 1324
69050000 1325
69100000 1326
69150000 1327
69200000 1328
69250000 1329
69300000 1330
69350000 1331
69400000 1332
69450000 1333
69500000 1334
69550000 1335
69600000 1336
69650000 1337
69700000 1338
69750000 1339
69800000 1340
69850000 1341
69900000 1342
69950000 1343
70000000 1344
70050000 1345
70100000 1346
70150000 1347
70200000 1348
70250000 1349
70300000 1350
70350000 1351
70400000 1352
70450000 1353
70500000 1354
70550000 1355
70600000 1356
70650000 1357
70700000 1358
70750000 1359
70800000 1360
70850000 1361
70900000 1362
70950000 1363
71000000 1364
71050000 1365
71100000 1366
71150000 1367
71200000 1368
71250000 1369
71300000 1370
71350000 1371
71400000 1372
71450000 1373
71500000 1374
71550000 1375
71600000 1376
71650000 1377
71700000 1378
71750000 1379
71800000 1380
71850000 1381
71900000 1382
71950000 1383
72000000 1384
72050000 1385
72100000 1386
72150000 1387
72200000 1388
72250000 1389
72300000 1390
72350000 1391
72400000 1392
72450000 1393
72500000 1394
72550000 1395
72600000 1396
72650000 1397
72700000 1398
72750000 1399
72800000 1400
72850000 1401
72900000 1402
72950000 1403
73000000 1404
73050000 1405
73100000 1406
73150000 1407
73200000 1408
73250000 1409
73300000 1410
73350000 1411
73400000 1412
73450000 1413
73500000 1414
73550000 1415
73600000 1416
73650000 1417
73700000 1418
73750000 1419
73800000 1420
73850000 1421
73900000 1422
73950000 1423
74000000 1424
74050000 1425
74100000 1426
74150000 1427
74200000 1428
74250000 1429
74300000 1430
74350000 1431
74400000 1432
74450000 1433
74500000 1434
74550000 1435
74600000 1436
74650000 1437
74700000 1438
74750000 1439
74800000 1440
74850000 1441
74900000 1442
74950000 1443
75000000 1444
75050000 1445
75100000 1446
75150000 1447
75200000 1448
75250000 1449
75300000 1450
75350000 1451
75400000 1452
75450000 1453
75500000 1454
75550000 1455
75600000 1456
75650000 1457
75700000 1458
75750000 1459
75800000 1460
75850000 1461
75900000 1462
75950000 1463
76000000 1464
76050000 1465
76100000 1466
76150000 1467
76200000 1468
76250000 1469
76300000 1470
76350000 1471
76400000 1472
76450000 1473
76500000 1474
76550000 1475
76600000 1476
76650000 1477
76700000 1478
76750000 1479
76800000 1480
76850000 1481
76900000 1482
76950000 1483
77000000 1484
77050000 1485
77100000 1486
77150000 1487
77200000 1488
77250000 1489
77300000 1490
77350000 1491
77400000 1492
77450000 1493
77500000 1494
77550000 1495
77600000 1496
77650000 1497
77700000 1498
77750000 1499
77800000 1500
77850000 1501
77900000 1502
77950000 1503
78000000 1504
78050000 1505
78100000 1506
78150000 1507
78200000 1508
78250000 1509
78300000 1510
78350000 1511
78400000 1512
78450000 1513
78500000 1514
78550000 1515
78600000 1516
78650000 1517
78700000 1518
78750000 1519
78800000 1520
78850000 1521
78900000 1522
78950000 1523
79000000 1524
79050000 1525
79100000 1526
79150000 1527
79200000 1528
79250000 1529
79300000 1530
79350000 1531
79400000 1532
79450000 1533
79500000 1534
79550000 1535
79600000 1536
79650000 1537
79700000 1538
79750000 1539
79800000 1540
79850000 1541
79900000 1542
79950000 1543
80000000 1544
80050000 1545
80100000 1546
80150000 1547
80200000 1548
80250000 1549
80300000 1550
80350000 1551
80400000 1552
80450000 1553
80500000 1554
80550000 1555
80600000 1556
80650000 1557
80700000 1558
80750000 1559
80800000 1560
80850000 1561
80900000 1562
80950000 1563
81000000 1564
81050000 1565
81100000 1566
81150000 1567
81200000 1568
81250000 1569
81300000 1570
81350000 1571
81400000 1572
81450000 1573
81500000 1574
81550000 1575
81600000 1576
81650000 1577
81700000 1578
81750000 1579
81800000 1580
81850000 1581
81900000 1582
81950000 1583
82000000 1584
82050000 1585
82100000 1586
82150000 1587
82200000 1588
82250000 1589
82300000 1590
82350000 1591
82400000 1592
82450000 1593
82500000 1594
82550000 1595
82600000 1596
82650000 1597
82700000 1598
82750000 1599
82800000 1600
82850000 1601
82900000 1602
82950000 1603
83000000 1604
83050000 1605
83100000 1606
83150000 1607
83200000 1608
83250000 1609
83300000 1610
83350000 1611
83400000 1612
83450000 1613
83500000 1614
83550000 1615
83600000 1616
83650000 1617
83700000 1618
83750000 1619
83800000 1620
83850000 1621
83900000 1622
83950000 1623
84000000 1624
84050000 1625
84100000 1626
84150000 1627
84200000 1628
84250000 1629
84300000 1630
84350000 1631
84400000 1632
84450000 1633
84500000 1634
84550000 1635
84600000 1636
84650000 1637
84700000 1638
84750000 1639
84800000 1640
84850000 1641
84900000 1642
84950000 1643
85000000 1644
85050000 1645
85100000 1646
85150000 1647
85200000 1648
85250000 1649
85300000 1650
85350000 1651
85400000 1652
85450000 1653
85500000 1654
85550000 1655
85600000 1656
85650000 1657
85700000 1658
85750000 1659
85800000 1660
85850000 1661
85900000 1662
85950000 1663
86000000 1664
86050000 1665
86100000 1666
86150000 1667
86200000 1668
86250000 1669
86300000 1670
86350000 1671
86400000 1672
86450000 1673
86500000 1674
86550000 1675
86600000 1676
86650000 1677
86700000 1678
86750000 1679
86800000 1680
86850000 1681
86900000 1682
86950000 1683
87000000 1684
87050000 1685
87100000 1686
87150000 1687
87200000 1688
87250000 1689
87300000 1690
87350000 1691
87400000 1692
87450000 1693
87500000 1694
87550000 1695
87600000 1696
87650000 1697
87700000 1698
87750000 1699
87800000 1700
87850000 1701
87900000 1702
87950000 1703
88000000 1704
88050000 1705
88100000 1706
88150000 1707
88200000 1708
88250000 1709
88300000 1710
88350000 1711
88400000 1712
88450000 1713
88500000 1714
88550000 1715
88600000 1716
88650000 1717
88700000 1718
88750000 1719
88800000 1720
88850000 1721
88900000 1722
88950000 1723
89000000 1724
89050000 1725
89100000 1726
89150000 1727
89200000 1728
89250000 1729
89300000 1730
89350000 1731
89400000 1732
89450000 1733
89500000 1734
89550000 1735
89600000 1736
89650000 1737
89700000 1738
89750000 1739
89800000 1740
89850000 1741
89900000 1742
89950000 1743
90000000 1744
90050000 1745
90100000 1746
90150000 1747
90200000 1748
90250000 1749
90300000 1750
90350000 1751
90400000 1752
90450000 1753
90500000 1754
90550000 1755
90600000 1756
90650000 1757
90700000 1758
90750000 1759
90800000 1760
90850000 1761
90900000 1762
90950000 1763
91000000 1764
91050000 1765
91100000 1766
91150000 1767
91200000 1768
91250000 1769
91300000 1770
91350000 1771
91400000 1772
91450000 1773
91500000 1774
91550000 1775
91600000 1776
91650000 1777
91700000 1778
91750000 1779
91800000 1780
91850000 1781
91900000 1782
91950000 1783
92000000 1784
92050000 1785
92100000 1786
92150000 1787
92200000 1788
92250000 1789
92300000 1790
92350000 1791
92400000 1792
92450000 1793
92500000 1794
92550000 1795
92600000 1796
92650000 1797
92700000 1798
92750000 1799
92800000 1800
92850000 1801
92900000 1802
92950000 1803
93000000 1804
93050000 1805
93100000 1806
93150000 1807
93200000 1808
93250000 1809
93300000 1810
93350000 1811
93400000 1812
93450000 1813
93500000 1814
93550000 1815
93600000 1816
93650000 1817
93700000 1818
93750000 1819
93800000 1820
93850000 1821
93900000 1822
93950000 1823
94000000 1824
94050000 1825
94100000 1826
94150000 1827
94200000 1828
94250000 1829
94300000 1830
94350000 1831
94400000 1832
94450000 1833
94500000 1834
94550000 1835
94600000 1836
94650000 1837
94700000 1838
94750000 1839
94800000 1840
94850000 1841
94900000 1842
94950000 1843
95000000 1844
95050000 1845
95100000 1846
95150000 1847
95200000 1848
95250000 1849
95300000 1850
95350000 1851
95400000 1852
95450000 1853
95500000 1854
95550000 1855
95600000 1856
95650000 1857
95700000 1858
95750000 1859
95800000 1860
95850000 1861
95900000 1862
95950000 1863
96000000 1864
96050000 1865
96100000 1866
96150000 1867
96200000 1868
96250000 1869
96300000 1870
96350000 1871
96400000 1872
96450000 1873
96500000 1874
96550000 1875
96600000 1876
96650000 1877
96700000 1878
96750000 1879
96800000 1880
96850000 1881
96900000 1882
96950000 1883
97000000 1884
97050000 1885
97100000 1886
97150000 1887
97200000 1888
97250000 1889
97300000 1890
97350000 1891
97400000 1892
97450000 1893
97500000 1894
97550000 1895
97600000 1896
97650000 1897
97700000 1898
97750000 1899
97800000 1900
97850000 1901
97900000 1902
97950000 1903
98000000 1904
98050000 1905
98100000 1906
98150000 1907
98200000 1908
98250000 1909
98300000 1910
98350000 1911
98400000 1912
98450000 1913
98500000 1914
98550000 1915
98600000 1916
98650000 1917
98700000 1918
98750000 1919
98800000 1920
98850000 1921
98900000 1922
98950000 1923
99000000 1924
99050000 1925
99100000 1926
99150000 1927
99200000 1928
99250000 1929
99300000 1930
99350000 1931
99400000 1932
99450000 1933
99500000 1934
99550000 1935
99600000 1936
99650000 1937
99700000 1938
99750000 1939
99800000 1940
99850000 1941
99900000 1942
99950000 1943
100000000 1944
100050000 1945
100100000 1946
100150000 1947
100200000 1948
100250000 1949
100300000 1950
100350000 1951
100400000 1952
100450000 1953
100500000 1954
100550000 1955
100600000 1956
100650000 1957
100700000 1958
100750000 1959
100800000 1960
100850000 1961
100900000 1962
100950000 1963
101000000 1964
101050000 1965
101100000 1966
101150000 1967
101200000 1968
101250000 1969
101300000 1970
101350000 1971
101400000 1972
101450000 1973
101500000 1974
101550000 1975
101600000 1976
101650000 1977
101700000 1978
101750000 1979
101800000 1980
101850000 1981
101900000 1982
101950000 1983
102000000 1984
102050000 1985
102100000 1986
102150000 1987
102200000 1988
102250000 1989
102300000 1990
102350000 1991
102400000 1992
102450000 1993
102500000 1994
102550000 1995
102600000 1996
102650000 1997
102700000 1998
102750000 1999
102800000 2000
102850000 2001
102900000 2002
102950000 2003
103000000 2004
103050000 2005
103100000 2006
103150000 2007
103200000 2008
103250000 2009
103300000 2010
103350000 2011
103400000 2012
103450000 2013
103500000 2014
103550000 2015
103600000 2016
103650000 2017
103700000 2018
103750000 2019
103800000 2020
103850000 2021
103900000 2022
103950000 2023
104000000 2024
104050000 2025
104100000 2026
104150000 2027
104200000 2028
104250000 2029
104300000 2030
104350000 2031
104400000 2032
104450000 2033
104500000 2034
104550000 2035
104600000 2036
104650000 2037
104700000 2038
104750000 2039
104800000 2040
104850000 2041
104900000 2042
104950000 2043
105000000 2044
105050000 2045
105100000 2046
105150000 2047
105200000 2048
105250000 2049
105300000 2050
105350000 2051
105400000 2052
105450000 2053
105500000 2054
105550000 2055
105600000 2056
105650000 2057
105700000 2058
105750000 2059
105800000 2060
105850000 2061
105900000 2062
105950000 2063
106000000 2064
106050000 2065
106100000 2066
106150000 2067
106200000 2068
106250000 2069
106300000 2070
106350000 2071
106400000 2072
106450000 2073
106500000 2074
106550000 2075
106600000 2076
106650000 2077
106700000 2078
106750000 2079
106800000 2080
106850000 2081
106900000 2082
106950000 2083
107000000 2084
107050000 2085
107100000 2086
107150000 2087
107200000 2088
107250000 2089
107300000 2090
107350000 2091
107400000 2092
107450000 2093
107500000 2094
107550000 2095
107600000 2096
107650000 2097
107700000 2098
107750000 2099
107800000 2100
107850000 2101
107900000 2102
107950000 2103
108000000 2104
108050000 2105
108100000 2106
108150000 2107
108200000 2108
108250000 2109
108300000 2110
108350000 2111
108400000 2112
108450000 2113
108500000 2114
108550000 2115
108600000 2116
108650000 2117
108700000 2118
108750000 2119
108800000 2120
108850000 2121
108900000 2122
108950000 2123
109000000 2124
109050000 2125
109100000 2126
109150000 2127
109200000 2128
109250000 2129
109300000 2130
109350000 2131
109400000 2132
109450000 2133
109500000 2134
109550000 2135
109600000 2136
109650000 2137
109700000 2138
109750000 2139
109800000 2140
109850000 2141
109900000 2142
109950000 2143
110000000 2144
110050000 2145
110100000 2146
110150000 2147
110200000 2148
110250000 2149
110300000 2150
110350000 2151
110400000 2152
110450000 2153
110500000 2154
110550000 2155
110600000 2156
110650000 2157
110700000 2158
110750000 2159
110800000 2160
110850000 2161
110900000 2162
110950000 2163
111000000 2164
111050000 2165
111100000 2166
111150000 2167
111200000 2168
111250000 2169
111300000 2170
111350000 2171
111400000 2172
111450000 2173
111500000 2174
111550000 2175
111600000 2176
111650000 2177
111700000 2178
111750000 2179
111800000 2180
111850000 2181
111900000 2182
111950000 2183
112000000 2184
112050000 2185
112100000 2186
112150000 2187
112200000 2188
112250000 2189
112300000 2190
112350000 2191
112400000 2192
112450000 2193
112500000 2194
112550000 2195
112600000 2196
112650000 2197
112700000 2198
112750000 2199
112800000 2200
112850000 2201
112900000 2202
112950000 2203
113000000 2204
113050000 2205
113100000 2206
113150000 2207
113200000 2208
113250000 2209
113300000 2210
113350000 2211
113400000 2212
113450000 2213
113500000 2214
113550000 2215
113600000 2216
113650000 2217
113700000 2218
113750000 2219
113800000 2220
113850000 2221
113900000 2222
113950000 2223
114000000 2224
114050000 2225
114100000 2226
114150000 2227
114200000 2228
114250000 2229
114300000 2230
114350000 2231
114400000 2232
114450000 2233
114500000 2234
114550000 2235
114600000 2236
114650000 2237
114700000 2238
114750000 2239
114800000 2240
114850000 2241
114900000 2242
114950000 2243
115000000 2244
115050000 2245
115100000 2246
115150000 2247
115200000 2248
115250000 2249
115300000 2250
115350000 2251
115400000 2252
115450000 2253
115500000 2254
115550000 2255
115600000 2256
115650000 2257
115700000 2258
115750000 2259
115800000 2260
115850000 2261
115900000 2262
115950000 2263
116000000 2264
116050000 2265
116100000 2266
116150000 2267
116200000 2268
116250000 2269
116300000 2270
116350000 2271
116400000 2272
116450000 2273
116500000 2274
116550000 2275
116600000 2276
116650000 2277
116700000 2278
116750000 2279
116800000 2280
116850000 2281
116900000 2282
116950000 2283
117000000 2284
117050000 2285
117100000 2286
117150000 2287
117200000 2288
117250000 2289
117300000 2290
117350000 2291
117400000 2292
117450000 2293
117500000 2294
117550000 2295
117600000 2296
117650000 2297
117700000 2298
117750000 2299
117800000 2300
117850000 2301
117900000 2302
117950000 2303
118000000 2304
118050000 2305
118100000 2306
118150000 2307
118200000 2308
118250000 2309
118300000 2310
118350000 2311
118400000 2312
118450000 2313
118500000 2314
118550000 2315
118600000 2316
118650000 2317
118700000 2318
118750000 2319
118800000 2320
118850000 2321
118900000 2322
118950000 2323
119000000 2324
119050000 2325
119100000 2326
119150000 2327
119200000 2328
119250000 2329
119300000 2330
119350000 2331
119400000 2332
119450000 2333
119500000 2334
119550000 2335
119600000 2336
119650000 2337
119700000 2338
119750000 2339
119800000 2340
119850000 2341
119900000 2342
119950000 2343
120000000 2344
120050000 2345
120100000 2346
120150000 2347
120200000 2348
120250000 2349
120300000 2350
120350000 2351
120400000 2352
120450000 2353
120500000 2354
120550000 2355
120600000 2356
120650000 2357
120700000 2358
120750000 2359
120800000 2360
120850000 2361
120900000 2362
120950000 2363
121000000 2364
121050000 2365
121100000 2366
121150000 2367
121200000 2368
121250000 2369
121300000 2370
121350000 2371
121400000 2372
121450000 2373
121500000 2374
121550000 2375
121600000 2376
121650000 2377
121700000 2378
121750000 2379
121800000 2380
121850000 2381
121900000 2382
121950000 2383
