500000 1
1000000 2
1500000 3
2500000 4
5000000 5
5500000 6
6000000 7
6500000 8
7000000 9
10500000 10
11000000 11
12500000 12
13000000 13
13500000 14
14000000 15
14500000 16
15000000 17
15500000 18
16000000 19
16500000 20
17000000 21
17500000 22
18000000 23
18500000 24
19000000 25
19500000 26
20000000 27
20500000 28
21000000 29
21500000 30
22000000 31
22500000 32
23000000 33
23500000 34
24000000 35
24500000 36
25000000 37
25500000 38
26000000 39
26500000 40
27000000 41
27500000 42
28000000 43
28500000 44
29000000 45
29500000 46
30000000 47
30500000 48
31000000 49
31500000 50
32000000 51
32500000 52
33000000 53
33500000 54
34000000 55
34500000 56
35000000 57
35500000 58
36000000 59
36500000 60
37000000 61
37500000 62
38000000 63
38500000 64
39000000 65
39500000 66
40000000 67
40500000 68
41000000 69
41500000 70
42000000 71
42500000 72
43000000 73
43500000 74
44000000 75
44500000 76
45000000 77
45500000 78
46000000 79
46500000 80
47000000 81
47500000 82
48000000 83
48500000 84
49000000 85
49500000 86
50000000 87
50500000 88
51000000 89
51500000 90
52000000 91
52500000 92
53000000 93
53500000 94
54000000 95
54500000 96
55000000 97
55500000 98
56000000 99
56500000 100
57000000 101
57500000 102
58000000 103
58500000 104
59000000 105
59500000 106
60000000 107
60500000 108
61000000 109
61500000 110
62000000 111
62500000 112
63000000 113
63500000 114
64000000 115
64500000 116
65000000 117
65500000 118
66000000 119
66500000 120
67000000 121
67500000 122
68000000 123
68500000 124
69000000 125
69500000 126
70000000 127
70500000 128
71000000 129
71500000 130
72000000 131
72500000 132
73000000 133
73500000 134
74000000 135
74500000 136
75000000 137
75500000 138
76000000 139
76500000 140
77000000 141
77500000 142
78000000 143
78500000 144
79000000 145
79500000 146
80000000 147
80500000 148
81000000 149
81500000 150
82000000 151
82500000 152
83000000 153
83500000 154
84000000 155
84500000 156
85000000 157
85500000 158
86000000 159
86500000 160
87000000 161
87500000 162
88000000 163
88500000 164
89000000 165
89500000 166
90000000 167
90500000 168
91000000 169
91500000 170
92000000 171
92500000 172
93000000 173
93500000 174
94000000 175
94500000 176
95000000 177
95500000 178
96000000 179
96500000 180
97000000 181
97500000 182
98000000 183
98500000 184
99000000 185
99500000 186
100000000 187
100500000 188
101000000 189
101500000 190
102000000 191
102500000 192
103000000 193
103500000 194
104000000 195
104500000 196
105000000 197
105500000 198
106000000 199
106500000 200
107000000 201
107500000 202
108000000 203
108500000 204
109000000 205
109500000 206
110000000 207
110500000 208
111000000 209
111500000 210
112000000 211
112500000 212
113000000 213
113500000 214
114000000 215
114500000 216
115000000 217
115500000 218
116000000 219
116500000 220
117000000 221
117500000 222
118000000 223
118500000 224
119000000 225
119500000 226
120000000 227
120500000 228
121000000 229
121500000 230
122000000 231
122500000 232
123000000 233
123500000 234
124000000 235
124500000 236
125000000 237
125500000 238
126000000 239
126500000 240
127000000 241
127500000 242
128000000 243
128500000 244
129000000 245
129500000 246
130000000 247
130500000 248
131000000 249
131500000 250
132000000 251
132500000 252
133000000 253
133500000 254
134000000 255
134500000 256
135000000 257
135500000 258
136000000 259
136500000 260
137000000 261
137500000 262
138000000 263
138500000 264
139000000 265
139500000 266
140000000 267
140500000 268
141000000 269
141500000 270
142000000 271
142500000 272
143000000 273
143500000 274
144000000 275
144500000 276
145000000 277
145500000 278
146000000 279
146500000 280
147000000 281
147500000 282
148000000 283
148500000 284
149000000 285
149500000 286
150000000 287
150500000 288
151000000 289
151500000 290
152000000 291
152500000 292
153000000 293
153500000 294
154000000 295
154500000 296
155000000 297
155500000 298
156000000 299
156500000 300
157000000 301
157500000 302
158000000 303
158500000 304
159000000 305
159500000 306
160000000 307
160500000 308
161000000 309
161500000 310
162000000 311
162500000 312
163000000 313
163500000 314
164000000 315
164500000 316
165000000 317
165500000 318
166000000 319
166500000 320
167000000 321
167500000 322
168000000 323
168500000 324
169000000 325
169500000 326
170000000 327
170500000 328
171000000 329
171500000 330
172000000 331
172500000 332
173000000 333
173500000 334
174000000 335
174500000 336
175000000 337
175500000 338
176000000 339
176500000 340
177000000 341
177500000 342
178000000 343
178500000 344
179000000 345
179500000 346
180000000 347
180500000 348
181000000 349
181500000 350
182000000 351
182500000 352
183000000 353
183500000 354
184000000 355
184500000 356
185000000 357
185500000 358
186000000 359
186500000 360
187000000 361
187500000 362
188000000 363
188500000 364
189000000 365
189500000 366
190000000 367
190500000 368
191000000 369
191500000 370
192000000 371
192500000 372
193000000 373
193500000 374
194000000 375
194500000 376
195000000 377
195500000 378
196000000 379
196500000 380
197000000 381
197500000 382
198000000 383
198500000 384
199000000 385
199500000 386
200000000 387
200500000 388
201000000 389
201500000 390
202000000 391
202500000 392
203000000 393
203500000 394
204000000 395
204500000 396
205000000 397
205500000 398
206000000 399
206500000 400
207000000 401
207500000 402
208000000 403
208500000 404
209000000 405
209500000 406
210000000 407
210500000 408
211000000 409
211500000 410
212000000 411
212500000 412
213000000 413
213500000 414
214000000 415
214500000 416
215000000 417
215500000 418
216000000 419
216500000 420
217000000 421
217500000 422
218000000 423
218500000 424
219000000 425
219500000 426
220000000 427
220500000 428
221000000 429
221500000 430
222000000 431
222500000 432
223000000 433
223500000 434
224000000 435
224500000 436
225000000 437
225500000 438
226000000 439
226500000 440
227000000 441
227500000 442
228000000 443
228500000 444
229000000 445
229500000 446
230000000 447
230500000 448
231000000 449
231500000 450
232000000 451
232500000 452
233000000 453
233500000 454
234000000 455
234500000 456
235000000 457
235500000 458
236000000 459
236500000 460
237000000 461
237500000 462
238000000 463
238500000 464
239000000 465
239500000 466
240000000 467
240500000 468
241000000 469
241500000 470
242000000 471
242500000 472
243000000 473
243500000 474
244000000 475
244500000 476
245000000 477
245500000 478
246000000 479
246500000 480
247000000 481
247500000 482
248000000 483
248500000 484
249000000 485
249500000 486
250000000 487
250500000 488
251000000 489
251500000 490
252000000 491
252500000 492
253000000 493
253500000 494
254000000 495
254500000 496
255000000 497
255500000 498
256000000 499
256500000 500
257000000 501
257500000 502
258000000 503
258500000 504
259000000 505
259500000 506
260000000 507
260500000 508
261000000 509
261500000 510
262000000 511
262500000 512
263000000 513
263500000 514
264000000 515
264500000 516
265000000 517
265500000 518
266000000 519
266500000 520
267000000 521
267500000 522
268000000 523
268500000 524
269000000 525
269500000 526
270000000 527
270500000 528
271000000 529
271500000 530
272000000 531
272500000 532
273000000 533
273500000 534
274000000 535
274500000 536
275000000 537
275500000 538
276000000 539
276500000 540
277000000 541
277500000 542
278000000 543
278500000 544
279000000 545
279500000 546
280000000 547
280500000 548
281000000 549
281500000 550
282000000 551
282500000 552
283000000 553
283500000 554
284000000 555
284500000 556
285000000 557
285500000 558
286000000 559
286500000 560
287000000 561
287500000 562
288000000 563
288500000 564
289000000 565
289500000 566
290000000 567
290500000 568
291000000 569
291500000 570
292000000 571
292500000 572
293000000 573
293500000 574
294000000 575
294500000 576
295000000 577
295500000 578
296000000 579
296500000 580
297000000 581
297500000 582
298000000 583
298500000 584
299000000 585
299500000 586
300000000 587
300500000 588
301000000 589
301500000 590
302000000 591
302500000 592
303000000 593
303500000 594
304000000 595
304500000 596
305000000 597
305500000 598
306000000 599
306500000 600
307000000 601
307500000 602
308000000 603
308500000 604
309000000 605
309500000 606
310000000 607
310500000 608
311000000 609
311500000 610
312000000 611
312500000 612
313000000 613
313500000 614
314000000 615
314500000 616
315000000 617
315500000 618
316000000 619
316500000 620
317000000 621
317500000 622
318000000 623
318500000 624
319000000 625
319500000 626
320000000 627
320500000 628
321000000 629
321500000 630
322000000 631
322500000 632
323000000 633
323500000 634
324000000 635
324500000 636
325000000 637
325500000 638
326000000 639
326500000 640
327000000 641
327500000 642
328000000 643
328500000 644
329000000 645
329500000 646
330000000 647
330500000 648
331000000 649
331500000 650
332000000 651
332500000 652
333000000 653
333500000 654
334000000 655
334500000 656
335000000 657
335500000 658
336000000 659
336500000 660
337000000 661
337500000 662
338000000 663
338500000 664
339000000 665
339500000 666
340000000 667
340500000 668
341000000 669
341500000 670
342000000 671
342500000 672
343000000 673
343500000 674
344000000 675
344500000 676
345000000 677
345500000 678
346000000 679
346500000 680
347000000 681
347500000 682
348000000 683
348500000 684
349000000 685
349500000 686
350000000 687
350500000 688
351000000 689
351500000 690
352000000 691
352500000 692
353000000 693
353500000 694
354000000 695
354500000 696
355000000 697
355500000 698
356000000 699
356500000 700
357000000 701
357500000 702
358000000 703
358500000 704
359000000 705
359500000 706
360000000 707
360500000 708
361000000 709
361500000 710
362000000 711
362500000 712
363000000 713
363500000 714
364000000 715
364500000 716
365000000 717
365500000 718
366000000 719
366500000 720
367000000 721
367500000 722
368000000 723
368500000 724
369000000 725
369500000 726
370000000 727
370500000 728
371000000 729
371500000 730
372000000 731
372500000 732
373000000 733
373500000 734
374000000 735
374500000 736
375000000 737
375500000 738
376000000 739
376500000 740
377000000 741
377500000 742
378000000 743
378500000 744
379000000 745
379500000 746
380000000 747
380500000 748
381000000 749
381500000 750
382000000 751
382500000 752
383000000 753
383500000 754
384000000 755
384500000 756
385000000 757
385500000 758
386000000 759
386500000 760
387000000 761
387500000 762
388000000 763
388500000 764
389000000 765
389500000 766
390000000 767
390500000 768
391000000 769
391500000 770
392000000 771
392500000 772
393000000 773
393500000 774
394000000 775
394500000 776
395000000 777
395500000 778
396000000 779
396500000 780
397000000 781
397500000 782
398000000 783
398500000 784
399000000 785
399500000 786
400000000 787
400500000 788
401000000 789
401500000 790
402000000 791
402500000 792
403000000 793
403500000 794
404000000 795
404500000 796
405000000 797
405500000 798
406000000 799
406500000 800
407000000 801
407500000 802
408000000 803
408500000 804
409000000 805
409500000 806
410000000 807
410500000 808
411000000 809
411500000 810
412000000 811
412500000 812
413000000 813
413500000 814
414000000 815
414500000 816
415000000 817
415500000 818
416000000 819
416500000 820
417000000 821
417500000 822
418000000 823
418500000 824
419000000 825
419500000 826
420000000 827
420500000 828
421000000 829
421500000 830
422000000 831
422500000 832
423000000 833
423500000 834
424000000 835
424500000 836
425000000 837
425500000 838
426000000 839
426500000 840
427000000 841
427500000 842
428000000 843
428500000 844
429000000 845
429500000 846
430000000 847
430500000 848
431000000 849
431500000 850
432000000 851
432500000 852
433000000 853
433500000 854
434000000 855
434500000 856
435000000 857
435500000 858
436000000 859
436500000 860
437000000 861
437500000 862
438000000 863
438500000 864
439000000 865
439500000 866
440000000 867
440500000 868
441000000 869
441500000 870
442000000 871
442500000 872
443000000 873
443500000 874
444000000 875
444500000 876
445000000 877
445500000 878
446000000 879
446500000 880
447000000 881
447500000 882
448000000 883
448500000 884
449000000 885
449500000 886
450000000 887
450500000 888
451000000 889
451500000 890
452000000 891
452500000 892
453000000 893
453500000 894
454000000 895
454500000 896
455000000 897
455500000 898
456000000 899
456500000 900
457000000 901
457500000 902
458000000 903
458500000 904
459000000 905
459500000 906
460000000 907
460500000 908
461000000 909
461500000 910
462000000 911
462500000 912
463000000 913
463500000 914
464000000 915
464500000 916
465000000 917
465500000 918
466000000 919
466500000 920
467000000 921
467500000 922
468000000 923
468500000 924
469000000 925
469500000 926
470000000 927
470500000 928
471000000 929
471500000 930
472000000 931
472500000 932
473000000 933
473500000 934
474000000 935
474500000 936
475000000 937
475500000 938
476000000 939
476500000 940
477000000 941
477500000 942
478000000 943
478500000 944
479000000 945
479500000 946
480000000 947
480500000 948
481000000 949
481500000 950
482000000 951
482500000 952
483000000 953
483500000 954
484000000 955
484500000 956
485000000 957
485500000 958
486000000 959
486500000 960
487000000 961
487500000 962
488000000 963
488500000 964
489000000 965
489500000 966
490000000 967
490500000 968
491000000 969
491500000 970
492000000 971
492500000 972
493000000 973
493500000 974
494000000 975
494500000 976
495000000 977
495500000 978
496000000 979
496500000 980
497000000 981
497500000 982
498000000 983
498500000 984
499000000 985
499500000 986
500000000 987
500500000 988
501000000 989
501500000 990
502000000 991
502500000 992
503000000 993
503500000 994
504000000 995
504500000 996
505000000 997
505500000 998
506000000 999
506500000 1000
507000000 1001
507500000 1002
508000000 1003
508500000 1004
509000000 1005
509500000 1006
510000000 1007
510500000 1008
511000000 1009
511500000 1010
512000000 1011
512500000 1012
513000000 1013
513500000 1014
514000000 1015
514500000 1016
515000000 1017
515500000 1018
516000000 1019
516500000 1020
517000000 1021
517500000 1022
518000000 1023
518500000 1024
519000000 1025
519500000 1026
520000000 1027
520500000 1028
521000000 1029
521500000 1030
522000000 1031
522500000 1032
523000000 1033
523500000 1034
524000000 1035
524500000 1036
525000000 1037
525500000 1038
526000000 1039
526500000 1040
527000000 1041
527500000 1042
528000000 1043
528500000 1044
529000000 1045
529500000 1046
530000000 1047
530500000 1048
531000000 1049
531500000 1050
532000000 1051
532500000 1052
533000000 1053
533500000 1054
534000000 1055
534500000 1056
535000000 1057
535500000 1058
536000000 1059
536500000 1060
537000000 1061
537500000 1062
538000000 1063
538500000 1064
539000000 1065
539500000 1066
540000000 1067
540500000 1068
541000000 1069
541500000 1070
542000000 1071
542500000 1072
543000000 1073
543500000 1074
544000000 1075
544500000 1076
545000000 1077
545500000 1078
546000000 1079
546500000 1080
547000000 1081
547500000 1082
548000000 1083
548500000 1084
549000000 1085
549500000 1086
550000000 1087
550500000 1088
551000000 1089
551500000 1090
552000000 1091
552500000 1092
553000000 1093
553500000 1094
554000000 1095
554500000 1096
555000000 1097
555500000 1098
556000000 1099
556500000 1100
557000000 1101
557500000 1102
558000000 1103
558500000 1104
559000000 1105
559500000 1106
560000000 1107
560500000 1108
561000000 1109
561500000 1110
562000000 1111
562500000 1112
563000000 1113
563500000 1114
564000000 1115
564500000 1116
565000000 1117
565500000 1118
566000000 1119
566500000 1120
567000000 1121
567500000 1122
568000000 1123
568500000 1124
569000000 1125
569500000 1126
570000000 1127
570500000 1128
571000000 1129
571500000 1130
572000000 1131
572500000 1132
573000000 1133
573500000 1134
574000000 1135
574500000 1136
575000000 1137
575500000 1138
576000000 1139
576500000 1140
577000000 1141
577500000 1142
578000000 1143
578500000 1144
579000000 1145
579500000 1146
580000000 1147
580500000 1148
581000000 1149
581500000 1150
582000000 1151
582500000 1152
583000000 1153
583500000 1154
584000000 1155
584500000 1156
585000000 1157
585500000 1158
586000000 1159
586500000 1160
587000000 1161
587500000 1162
588000000 1163
588500000 1164
589000000 1165
589500000 1166
590000000 1167
590500000 1168
591000000 1169
591500000 1170
592000000 1171
592500000 1172
593000000 1173
593500000 1174
594000000 1175
594500000 1176
595000000 1177
595500000 1178
596000000 1179
596500000 1180
597000000 1181
597500000 1182
598000000 1183
598500000 1184
599000000 1185
599500000 1186
600000000 1187
600500000 1188
601000000 1189
601500000 1190
602000000 1191
602500000 1192
603000000 1193
603500000 1194
604000000 1195
604500000 1196
605000000 1197
605500000 1198
606000000 1199
606500000 1200
607000000 1201
607500000 1202
608000000 1203
608500000 1204
609000000 1205
609500000 1206
610000000 1207
