500000 1
1000000 2
1500000 3
2500000 4
5000000 5
5500000 6
6000000 7
6500000 8
7000000 9
7500000 10
8000000 11
8500000 12
9000000 13
9500000 14
10000000 15
10500000 16
11000000 17
11500000 18
12000000 19
12500000 20
13000000 21
13500000 22
14000000 23
14500000 24
15000000 25
15500000 26
16000000 27
16500000 28
17000000 29
17500000 30
18000000 31
18500000 32
19000000 33
19500000 34
20000000 35
20500000 36
21000000 37
21500000 38
22000000 39
22500000 40
23000000 41
23500000 42
24000000 43
24500000 44
25000000 45
25500000 46
26000000 47
26500000 48
27000000 49
27500000 50
28000000 51
28500000 52
29000000 53
29500000 54
30000000 55
30500000 56
31000000 57
31500000 58
32000000 59
32500000 60
33000000 61
33500000 62
34000000 63
34500000 64
35000000 65
35500000 66
36000000 67
36500000 68
37000000 69
37500000 70
38000000 71
38500000 72
39000000 73
39500000 74
40000000 75
40500000 76
41000000 77
41500000 78
42000000 79
42500000 80
43000000 81
43500000 82
44000000 83
44500000 84
45000000 85
45500000 86
46000000 87
46500000 88
47000000 89
47500000 90
48000000 91
48500000 92
49000000 93
49500000 94
50000000 95
50500000 96
51000000 97
51500000 98
52000000 99
52500000 100
53000000 101
53500000 102
54000000 103
54500000 104
55000000 105
55500000 106
56000000 107
56500000 108
57000000 109
57500000 110
58000000 111
58500000 112
59000000 113
59500000 114
60000000 115
60500000 116
61000000 117
61500000 118
62000000 119
62500000 120
63000000 121
63500000 122
64000000 123
64500000 124
65000000 125
65500000 126
66000000 127
66500000 128
67000000 129
67500000 130
68000000 131
68500000 132
69000000 133
69500000 134
70000000 135
70500000 136
71000000 137
71500000 138
72000000 139
72500000 140
73000000 141
73500000 142
74000000 143
74500000 144
75000000 145
75500000 146
76000000 147
76500000 148
77000000 149
77500000 150
78000000 151
78500000 152
79000000 153
79500000 154
80000000 155
80500000 156
81000000 157
81500000 158
82000000 159
82500000 160
83000000 161
83500000 162
84000000 163
84500000 164
85000000 165
85500000 166
86000000 167
86500000 168
87000000 169
87500000 170
88000000 171
88500000 172
89000000 173
89500000 174
90000000 175
90500000 176
91000000 177
91500000 178
92000000 179
92500000 180
93000000 181
93500000 182
94000000 183
94500000 184
95000000 185
95500000 186
96000000 187
96500000 188
97000000 189
97500000 190
98000000 191
98500000 192
99000000 193
99500000 194
100000000 195
100500000 196
101000000 197
101500000 198
102000000 199
102500000 200
103000000 201
103500000 202
104000000 203
104500000 204
105000000 205
105500000 206
106000000 207
106500000 208
107000000 209
107500000 210
108000000 211
108500000 212
109000000 213
109500000 214
110000000 215
110500000 216
111000000 217
111500000 218
112000000 219
112500000 220
113000000 221
113500000 222
114000000 223
114500000 224
115000000 225
115500000 226
116000000 227
116500000 228
117000000 229
117500000 230
118000000 231
118500000 232
119000000 233
119500000 234
120000000 235
120500000 236
121000000 237
121500000 238
122000000 239
122500000 240
123000000 241
123500000 242
124000000 243
124500000 244
125000000 245
125500000 246
126000000 247
126500000 248
127000000 249
127500000 250
128000000 251
128500000 252
129000000 253
129500000 254
130000000 255
130500000 256
131000000 257
131500000 258
132000000 259
132500000 260
133000000 261
133500000 262
134000000 263
134500000 264
135000000 265
135500000 266
136000000 267
136500000 268
137000000 269
137500000 270
138000000 271
138500000 272
139000000 273
139500000 274
140000000 275
140500000 276
141000000 277
141500000 278
142000000 279
142500000 280
143000000 281
143500000 282
144000000 283
144500000 284
145000000 285
145500000 286
146000000 287
146500000 288
147000000 289
147500000 290
148000000 291
148500000 292
149000000 293
149500000 294
150000000 295
150500000 296
151000000 297
151500000 298
152000000 299
152500000 300
153000000 301
153500000 302
154000000 303
154500000 304
155000000 305
155500000 306
156000000 307
156500000 308
157000000 309
157500000 310
158000000 311
158500000 312
159000000 313
159500000 314
160000000 315
160500000 316
161000000 317
161500000 318
162000000 319
162500000 320
163000000 321
163500000 322
164000000 323
164500000 324
165000000 325
165500000 326
166000000 327
166500000 328
167000000 329
167500000 330
168000000 331
168500000 332
169000000 333
169500000 334
170000000 335
170500000 336
171000000 337
171500000 338
172000000 339
172500000 340
173000000 341
173500000 342
174000000 343
174500000 344
175000000 345
175500000 346
176000000 347
176500000 348
177000000 349
177500000 350
178000000 351
178500000 352
179000000 353
179500000 354
180000000 355
180500000 356
181000000 357
181500000 358
182000000 359
182500000 360
183000000 361
183500000 362
184000000 363
184500000 364
185000000 365
185500000 366
186000000 367
186500000 368
187000000 369
187500000 370
188000000 371
188500000 372
189000000 373
189500000 374
190000000 375
190500000 376
191000000 377
191500000 378
192000000 379
192500000 380
193000000 381
193500000 382
194000000 383
194500000 384
195000000 385
195500000 386
196000000 387
196500000 388
197000000 389
197500000 390
198000000 391
198500000 392
199000000 393
199500000 394
200000000 395
200500000 396
201000000 397
201500000 398
202000000 399
202500000 400
203000000 401
203500000 402
204000000 403
204500000 404
205000000 405
205500000 406
206000000 407
206500000 408
207000000 409
207500000 410
208000000 411
208500000 412
209000000 413
209500000 414
210000000 415
210500000 416
211000000 417
211500000 418
212000000 419
212500000 420
213000000 421
213500000 422
214000000 423
214500000 424
215000000 425
215500000 426
216000000 427
216500000 428
217000000 429
217500000 430
218000000 431
218500000 432
219000000 433
219500000 434
220000000 435
220500000 436
221000000 437
221500000 438
222000000 439
222500000 440
223000000 441
223500000 442
224000000 443
224500000 444
225000000 445
225500000 446
226000000 447
226500000 448
227000000 449
227500000 450
228000000 451
228500000 452
229000000 453
229500000 454
230000000 455
230500000 456
231000000 457
231500000 458
232000000 459
232500000 460
233000000 461
233500000 462
234000000 463
234500000 464
235000000 465
235500000 466
236000000 467
236500000 468
237000000 469
237500000 470
238000000 471
238500000 472
239000000 473
239500000 474
240000000 475
240500000 476
241000000 477
241500000 478
242000000 479
242500000 480
243000000 481
243500000 482
244000000 483
244500000 484
245000000 485
245500000 486
246000000 487
246500000 488
247000000 489
247500000 490
248000000 491
248500000 492
249000000 493
249500000 494
250000000 495
250500000 496
251000000 497
251500000 498
252000000 499
252500000 500
253000000 501
253500000 502
254000000 503
254500000 504
255000000 505
255500000 506
256000000 507
256500000 508
257000000 509
257500000 510
258000000 511
258500000 512
259000000 513
259500000 514
260000000 515
260500000 516
261000000 517
261500000 518
262000000 519
262500000 520
263000000 521
263500000 522
264000000 523
264500000 524
265000000 525
265500000 526
266000000 527
266500000 528
267000000 529
267500000 530
268000000 531
268500000 532
269000000 533
269500000 534
270000000 535
270500000 536
271000000 537
271500000 538
272000000 539
272500000 540
273000000 541
273500000 542
274000000 543
274500000 544
275000000 545
275500000 546
276000000 547
276500000 548
277000000 549
277500000 550
278000000 551
278500000 552
279000000 553
279500000 554
280000000 555
280500000 556
281000000 557
281500000 558
282000000 559
282500000 560
283000000 561
283500000 562
284000000 563
284500000 564
285000000 565
285500000 566
286000000 567
286500000 568
287000000 569
287500000 570
288000000 571
288500000 572
289000000 573
289500000 574
290000000 575
290500000 576
291000000 577
291500000 578
292000000 579
292500000 580
293000000 581
293500000 582
294000000 583
294500000 584
295000000 585
295500000 586
296000000 587
296500000 588
297000000 589
297500000 590
298000000 591
298500000 592
299000000 593
299500000 594
300000000 595
300500000 596
301000000 597
301500000 598
302000000 599
302500000 600
303000000 601
303500000 602
304000000 603
304500000 604
305000000 605
305500000 606
306000000 607
306500000 608
307000000 609
307500000 610
308000000 611
308500000 612
309000000 613
309500000 614
310000000 615
310500000 616
311000000 617
311500000 618
312000000 619
312500000 620
313000000 621
313500000 622
314000000 623
314500000 624
315000000 625
315500000 626
316000000 627
316500000 628
317000000 629
317500000 630
318000000 631
318500000 632
319000000 633
319500000 634
320000000 635
320500000 636
321000000 637
321500000 638
322000000 639
322500000 640
323000000 641
323500000 642
324000000 643
324500000 644
325000000 645
325500000 646
326000000 647
326500000 648
327000000 649
327500000 650
328000000 651
328500000 652
329000000 653
329500000 654
330000000 655
330500000 656
331000000 657
331500000 658
332000000 659
332500000 660
333000000 661
333500000 662
334000000 663
334500000 664
335000000 665
335500000 666
336000000 667
336500000 668
337000000 669
337500000 670
338000000 671
338500000 672
339000000 673
339500000 674
340000000 675
340500000 676
341000000 677
341500000 678
342000000 679
342500000 680
343000000 681
343500000 682
344000000 683
344500000 684
345000000 685
345500000 686
346000000 687
346500000 688
347000000 689
347500000 690
348000000 691
348500000 692
349000000 693
349500000 694
350000000 695
350500000 696
351000000 697
351500000 698
352000000 699
352500000 700
353000000 701
353500000 702
354000000 703
354500000 704
355000000 705
355500000 706
356000000 707
356500000 708
357000000 709
357500000 710
358000000 711
358500000 712
359000000 713
359500000 714
360000000 715
360500000 716
361000000 717
361500000 718
362000000 719
362500000 720
363000000 721
363500000 722
364000000 723
364500000 724
365000000 725
365500000 726
366000000 727
366500000 728
367000000 729
367500000 730
368000000 731
368500000 732
369000000 733
369500000 734
370000000 735
370500000 736
371000000 737
371500000 738
372000000 739
372500000 740
373000000 741
373500000 742
374000000 743
374500000 744
375000000 745
375500000 746
376000000 747
376500000 748
377000000 749
377500000 750
378000000 751
378500000 752
379000000 753
379500000 754
380000000 755
380500000 756
381000000 757
381500000 758
382000000 759
382500000 760
383000000 761
383500000 762
384000000 763
384500000 764
385000000 765
385500000 766
386000000 767
386500000 768
387000000 769
387500000 770
388000000 771
388500000 772
389000000 773
389500000 774
390000000 775
390500000 776
391000000 777
391500000 778
392000000 779
392500000 780
393000000 781
393500000 782
394000000 783
394500000 784
395000000 785
395500000 786
396000000 787
396500000 788
397000000 789
397500000 790
398000000 791
398500000 792
399000000 793
399500000 794
400000000 795
400500000 796
401000000 797
401500000 798
402000000 799
402500000 800
403000000 801
403500000 802
404000000 803
404500000 804
405000000 805
405500000 806
406000000 807
406500000 808
407000000 809
407500000 810
408000000 811
408500000 812
409000000 813
409500000 814
410000000 815
410500000 816
411000000 817
411500000 818
412000000 819
412500000 820
413000000 821
413500000 822
414000000 823
414500000 824
415000000 825
415500000 826
416000000 827
416500000 828
417000000 829
417500000 830
418000000 831
418500000 832
419000000 833
419500000 834
420000000 835
420500000 836
421000000 837
421500000 838
422000000 839
422500000 840
423000000 841
423500000 842
424000000 843
424500000 844
425000000 845
425500000 846
426000000 847
426500000 848
427000000 849
427500000 850
428000000 851
428500000 852
429000000 853
429500000 854
430000000 855
430500000 856
431000000 857
431500000 858
432000000 859
432500000 860
433000000 861
433500000 862
434000000 863
434500000 864
435000000 865
435500000 866
436000000 867
436500000 868
437000000 869
437500000 870
438000000 871
438500000 872
439000000 873
439500000 874
440000000 875
440500000 876
441000000 877
441500000 878
442000000 879
442500000 880
443000000 881
443500000 882
444000000 883
444500000 884
445000000 885
445500000 886
446000000 887
446500000 888
447000000 889
447500000 890
448000000 891
448500000 892
449000000 893
449500000 894
450000000 895
450500000 896
451000000 897
451500000 898
452000000 899
452500000 900
453000000 901
453500000 902
454000000 903
454500000 904
455000000 905
455500000 906
456000000 907
456500000 908
457000000 909
457500000 910
458000000 911
458500000 912
459000000 913
459500000 914
460000000 915
460500000 916
461000000 917
461500000 918
462000000 919
462500000 920
463000000 921
463500000 922
464000000 923
464500000 924
465000000 925
465500000 926
466000000 927
466500000 928
467000000 929
467500000 930
468000000 931
468500000 932
469000000 933
469500000 934
470000000 935
470500000 936
471000000 937
471500000 938
472000000 939
472500000 940
473000000 941
473500000 942
474000000 943
474500000 944
475000000 945
475500000 946
476000000 947
476500000 948
477000000 949
477500000 950
478000000 951
478500000 952
479000000 953
479500000 954
480000000 955
480500000 956
481000000 957
481500000 958
482000000 959
482500000 960
483000000 961
483500000 962
484000000 963
484500000 964
485000000 965
485500000 966
486000000 967
486500000 968
487000000 969
487500000 970
488000000 971
488500000 972
489000000 973
489500000 974
490000000 975
490500000 976
491000000 977
491500000 978
492000000 979
492500000 980
493000000 981
493500000 982
494000000 983
494500000 984
495000000 985
495500000 986
496000000 987
496500000 988
497000000 989
497500000 990
498000000 991
498500000 992
499000000 993
499500000 994
500000000 995
500500000 996
501000000 997
501500000 998
502000000 999
502500000 1000
503000000 1001
503500000 1002
504000000 1003
504500000 1004
505000000 1005
505500000 1006
506000000 1007
506500000 1008
507000000 1009
507500000 1010
508000000 1011
508500000 1012
509000000 1013
509500000 1014
510000000 1015
510500000 1016
511000000 1017
511500000 1018
512000000 1019
512500000 1020
513000000 1021
513500000 1022
514000000 1023
514500000 1024
515000000 1025
515500000 1026
516000000 1027
516500000 1028
517000000 1029
517500000 1030
518000000 1031
518500000 1032
519000000 1033
519500000 1034
520000000 1035
520500000 1036
521000000 1037
521500000 1038
522000000 1039
522500000 1040
523000000 1041
523500000 1042
524000000 1043
524500000 1044
525000000 1045
525500000 1046
526000000 1047
526500000 1048
527000000 1049
527500000 1050
528000000 1051
528500000 1052
529000000 1053
529500000 1054
530000000 1055
530500000 1056
531000000 1057
531500000 1058
532000000 1059
532500000 1060
533000000 1061
533500000 1062
534000000 1063
534500000 1064
535000000 1065
535500000 1066
536000000 1067
536500000 1068
537000000 1069
537500000 1070
538000000 1071
538500000 1072
539000000 1073
539500000 1074
540000000 1075
540500000 1076
541000000 1077
541500000 1078
542000000 1079
542500000 1080
543000000 1081
543500000 1082
544000000 1083
544500000 1084
545000000 1085
545500000 1086
546000000 1087
546500000 1088
547000000 1089
547500000 1090
548000000 1091
548500000 1092
549000000 1093
549500000 1094
550000000 1095
550500000 1096
551000000 1097
551500000 1098
552000000 1099
552500000 1100
553000000 1101
553500000 1102
554000000 1103
554500000 1104
555000000 1105
555500000 1106
556000000 1107
556500000 1108
557000000 1109
557500000 1110
558000000 1111
558500000 1112
559000000 1113
559500000 1114
560000000 1115
560500000 1116
561000000 1117
561500000 1118
562000000 1119
562500000 1120
563000000 1121
563500000 1122
564000000 1123
564500000 1124
565000000 1125
565500000 1126
566000000 1127
566500000 1128
567000000 1129
567500000 1130
568000000 1131
568500000 1132
569000000 1133
569500000 1134
570000000 1135
570500000 1136
571000000 1137
571500000 1138
572000000 1139
572500000 1140
573000000 1141
573500000 1142
574000000 1143
574500000 1144
575000000 1145
575500000 1146
576000000 1147
576500000 1148
577000000 1149
577500000 1150
578000000 1151
578500000 1152
579000000 1153
579500000 1154
580000000 1155
580500000 1156
581000000 1157
581500000 1158
582000000 1159
582500000 1160
583000000 1161
583500000 1162
584000000 1163
584500000 1164
585000000 1165
585500000 1166
586000000 1167
586500000 1168
587000000 1169
587500000 1170
588000000 1171
588500000 1172
589000000 1173
589500000 1174
590000000 1175
590500000 1176
591000000 1177
591500000 1178
592000000 1179
592500000 1180
593000000 1181
593500000 1182
594000000 1183
594500000 1184
595000000 1185
595500000 1186
596000000 1187
596500000 1188
597000000 1189
597500000 1190
598000000 1191
598500000 1192
599000000 1193
599500000 1194
600000000 1195
600500000 1196
601000000 1197
601500000 1198
602000000 1199
602500000 1200
603000000 1201
603500000 1202
604000000 1203
604500000 1204
605000000 1205
605500000 1206
606000000 1207
606500000 1208
607000000 1209
607500000 1210
608000000 1211
608500000 1212
609000000 1213
609500000 1214
610000000 1215
610500000 1216
611000000 1217
611500000 1218
612000000 1219
612500000 1220
613000000 1221
613500000 1222
614000000 1223
614500000 1224
615000000 1225
615500000 1226
616000000 1227
616500000 1228
617000000 1229
617500000 1230
618000000 1231
618500000 1232
619000000 1233
619500000 1234
620000000 1235
620500000 1236
621000000 1237
621500000 1238
622000000 1239
622500000 1240
623000000 1241
623500000 1242
624000000 1243
624500000 1244
625000000 1245
625500000 1246
626000000 1247
626500000 1248
627000000 1249
627500000 1250
628000000 1251
628500000 1252
629000000 1253
629500000 1254
630000000 1255
630500000 1256
631000000 1257
631500000 1258
632000000 1259
632500000 1260
633000000 1261
633500000 1262
634000000 1263
634500000 1264
635000000 1265
635500000 1266
636000000 1267
636500000 1268
637000000 1269
637500000 1270
638000000 1271
638500000 1272
639000000 1273
639500000 1274
640000000 1275
640500000 1276
641000000 1277
641500000 1278
642000000 1279
642500000 1280
643000000 1281
643500000 1282
644000000 1283
644500000 1284
645000000 1285
645500000 1286
646000000 1287
646500000 1288
647000000 1289
647500000 1290
648000000 1291
648500000 1292
649000000 1293
649500000 1294
650000000 1295
650500000 1296
651000000 1297
651500000 1298
652000000 1299
652500000 1300
653000000 1301
653500000 1302
654000000 1303
654500000 1304
655000000 1305
655500000 1306
656000000 1307
656500000 1308
657000000 1309
657500000 1310
658000000 1311
658500000 1312
659000000 1313
659500000 1314
660000000 1315
660500000 1316
661000000 1317
661500000 1318
662000000 1319
662500000 1320
663000000 1321
663500000 1322
664000000 1323
664500000 1324
665000000 1325
665500000 1326
666000000 1327
666500000 1328
667000000 1329
667500000 1330
668000000 1331
668500000 1332
669000000 1333
669500000 1334
670000000 1335
670500000 1336
671000000 1337
671500000 1338
672000000 1339
672500000 1340
673000000 1341
673500000 1342
674000000 1343
674500000 1344
675000000 1345
675500000 1346
676000000 1347
676500000 1348
677000000 1349
677500000 1350
678000000 1351
678500000 1352
679000000 1353
679500000 1354
680000000 1355
680500000 1356
681000000 1357
681500000 1358
682000000 1359
682500000 1360
683000000 1361
683500000 1362
684000000 1363
684500000 1364
685000000 1365
685500000 1366
686000000 1367
686500000 1368
687000000 1369
687500000 1370
688000000 1371
688500000 1372
689000000 1373
689500000 1374
690000000 1375
690500000 1376
691000000 1377
691500000 1378
692000000 1379
692500000 1380
693000000 1381
693500000 1382
694000000 1383
694500000 1384
695000000 1385
695500000 1386
696000000 1387
696500000 1388
697000000 1389
697500000 1390
698000000 1391
698500000 1392
699000000 1393
699500000 1394
700000000 1395
700500000 1396
701000000 1397
701500000 1398
702000000 1399
702500000 1400
703000000 1401
703500000 1402
704000000 1403
704500000 1404
705000000 1405
705500000 1406
706000000 1407
706500000 1408
707000000 1409
707500000 1410
708000000 1411
708500000 1412
709000000 1413
709500000 1414
710000000 1415
710500000 1416
711000000 1417
711500000 1418
712000000 1419
712500000 1420
713000000 1421
713500000 1422
714000000 1423
714500000 1424
715000000 1425
715500000 1426
716000000 1427
716500000 1428
717000000 1429
717500000 1430
718000000 1431
718500000 1432
719000000 1433
719500000 1434
720000000 1435
720500000 1436
721000000 1437
721500000 1438
722000000 1439
722500000 1440
723000000 1441
723500000 1442
724000000 1443
724500000 1444
725000000 1445
725500000 1446
726000000 1447
726500000 1448
727000000 1449
727500000 1450
728000000 1451
728500000 1452
729000000 1453
729500000 1454
730000000 1455
730500000 1456
731000000 1457
731500000 1458
732000000 1459
732500000 1460
733000000 1461
733500000 1462
734000000 1463
734500000 1464
735000000 1465
735500000 1466
736000000 1467
736500000 1468
737000000 1469
737500000 1470
738000000 1471
738500000 1472
739000000 1473
739500000 1474
740000000 1475
740500000 1476
741000000 1477
741500000 1478
742000000 1479
742500000 1480
743000000 1481
743500000 1482
744000000 1483
744500000 1484
745000000 1485
745500000 1486
746000000 1487
746500000 1488
747000000 1489
747500000 1490
748000000 1491
748500000 1492
749000000 1493
749500000 1494
750000000 1495
750500000 1496
751000000 1497
751500000 1498
752000000 1499
752500000 1500
753000000 1501
753500000 1502
754000000 1503
754500000 1504
755000000 1505
755500000 1506
756000000 1507
756500000 1508
757000000 1509
757500000 1510
758000000 1511
758500000 1512
759000000 1513
759500000 1514
760000000 1515
760500000 1516
761000000 1517
761500000 1518
762000000 1519
762500000 1520
763000000 1521
763500000 1522
764000000 1523
764500000 1524
765000000 1525
765500000 1526
766000000 1527
766500000 1528
767000000 1529
767500000 1530
768000000 1531
768500000 1532
769000000 1533
769500000 1534
770000000 1535
770500000 1536
771000000 1537
771500000 1538
772000000 1539
772500000 1540
773000000 1541
773500000 1542
774000000 1543
774500000 1544
775000000 1545
775500000 1546
776000000 1547
776500000 1548
777000000 1549
777500000 1550
778000000 1551
778500000 1552
779000000 1553
779500000 1554
780000000 1555
780500000 1556
781000000 1557
781500000 1558
782000000 1559
782500000 1560
783000000 1561
783500000 1562
784000000 1563
784500000 1564
785000000 1565
785500000 1566
786000000 1567
786500000 1568
787000000 1569
787500000 1570
788000000 1571
788500000 1572
789000000 1573
789500000 1574
790000000 1575
790500000 1576
791000000 1577
791500000 1578
792000000 1579
792500000 1580
793000000 1581
793500000 1582
794000000 1583
794500000 1584
795000000 1585
795500000 1586
796000000 1587
796500000 1588
797000000 1589
797500000 1590
798000000 1591
798500000 1592
799000000 1593
799500000 1594
