50000 1
100000 2
150000 3
250000 4
500000 5
550000 6
600000 7
650000 8
700000 9
2650000 10
2700000 11
2750000 12
2800000 13
2850000 14
2900000 15
2950000 16
3000000 17
3050000 18
3100000 19
3150000 20
3200000 21
3250000 22
3300000 23
3350000 24
3400000 25
3450000 26
3500000 27
3550000 28
3600000 29
3650000 30
3700000 31
3750000 32
3800000 33
3850000 34
3900000 35
3950000 36
4000000 37
4050000 38
4100000 39
4150000 40
4200000 41
4250000 42
4300000 43
4350000 44
4400000 45
4450000 46
4500000 47
4550000 48
4600000 49
4650000 50
4700000 51
4750000 52
4800000 53
4850000 54
4900000 55
4950000 56
5000000 57
5050000 58
5100000 59
5150000 60
5200000 61
5250000 62
5300000 63
5350000 64
5450000 65
5500000 66
5550000 67
5600000 68
5650000 69
5700000 70
5750000 71
5800000 72
5850000 73
5900000 74
5950000 75
6000000 76
6050000 77
6100000 78
6150000 79
6200000 80
6250000 81
6300000 82
6350000 83
6400000 84
6450000 85
6500000 86
6550000 87
6600000 88
6650000 89
6700000 90
6750000 91
6800000 92
6850000 93
6900000 94
6950000 95
7000000 96
7050000 97
7100000 98
7150000 99
7200000 100
7250000 101
7300000 102
7350000 103
7400000 104
7450000 105
7500000 106
7550000 107
7600000 108
7650000 109
7700000 110
7750000 111
7800000 112
7850000 113
7900000 114
7950000 115
8000000 116
8050000 117
8100000 118
8150000 119
8200000 120
8250000 121
8300000 122
8350000 123
8400000 124
8450000 125
8500000 126
8550000 127
8600000 128
8650000 129
8700000 130
8750000 131
8800000 132
8850000 133
8900000 134
8950000 135
9000000 136
9050000 137
9100000 138
9150000 139
9200000 140
9250000 141
9300000 142
9350000 143
9400000 144
9450000 145
9500000 146
9550000 147
9600000 148
9650000 149
9700000 150
9750000 151
9800000 152
9850000 153
9900000 154
9950000 155
10000000 156
10050000 157
10100000 158
10150000 159
10200000 160
10250000 161
10300000 162
10350000 163
10400000 164
10450000 165
10500000 166
10550000 167
10600000 168
10650000 169
10700000 170
10750000 171
10800000 172
10850000 173
10900000 174
10950000 175
11000000 176
11050000 177
11100000 178
11150000 179
11200000 180
11250000 181
11300000 182
11350000 183
11400000 184
11450000 185
11500000 186
11550000 187
11600000 188
11650000 189
11700000 190
11750000 191
11800000 192
11850000 193
11900000 194
11950000 195
12000000 196
12050000 197
12100000 198
12150000 199
12200000 200
12250000 201
12300000 202
12350000 203
12400000 204
12450000 205
12500000 206
12550000 207
12600000 208
12650000 209
12700000 210
12750000 211
12800000 212
12850000 213
12900000 214
12950000 215
13000000 216
13050000 217
13100000 218
13150000 219
13200000 220
13250000 221
13300000 222
13350000 223
13400000 224
13450000 225
13500000 226
13550000 227
13600000 228
13650000 229
13700000 230
13750000 231
13800000 232
13850000 233
13900000 234
13950000 235
14000000 236
14050000 237
14100000 238
14150000 239
14200000 240
14250000 241
14300000 242
14350000 243
14400000 244
14450000 245
14500000 246
14550000 247
14600000 248
14650000 249
14700000 250
14750000 251
14800000 252
14850000 253
14900000 254
14950000 255
15000000 256
15050000 257
15100000 258
15150000 259
15200000 260
15250000 261
15300000 262
15350000 263
15400000 264
15450000 265
15500000 266
15550000 267
15600000 268
15650000 269
15700000 270
15750000 271
15800000 272
15850000 273
15900000 274
15950000 275
16000000 276
16050000 277
16100000 278
16150000 279
16200000 280
16250000 281
16300000 282
16350000 283
16400000 284
16450000 285
16500000 286
16550000 287
16600000 288
16650000 289
16700000 290
16750000 291
16800000 292
16850000 293
16900000 294
16950000 295
17000000 296
17050000 297
17100000 298
17150000 299
17200000 300
17250000 301
17300000 302
17350000 303
17400000 304
17450000 305
17500000 306
17550000 307
17600000 308
17650000 309
17700000 310
17750000 311
17800000 312
17850000 313
17900000 314
17950000 315
18000000 316
18050000 317
18100000 318
18150000 319
18200000 320
18250000 321
18300000 322
18350000 323
18400000 324
18450000 325
18500000 326
18550000 327
18600000 328
18650000 329
18700000 330
18750000 331
18800000 332
18850000 333
18900000 334
18950000 335
19000000 336
19050000 337
19100000 338
19150000 339
19200000 340
19250000 341
19300000 342
19350000 343
19400000 344
19450000 345
19500000 346
19550000 347
19600000 348
19650000 349
19700000 350
19750000 351
19800000 352
19850000 353
19900000 354
19950000 355
20000000 356
20050000 357
20100000 358
20150000 359
20200000 360
20250000 361
20300000 362
20350000 363
20400000 364
20450000 365
20500000 366
20550000 367
20600000 368
20650000 369
20700000 370
20750000 371
20800000 372
20850000 373
20900000 374
20950000 375
21000000 376
21050000 377
21100000 378
21150000 379
21200000 380
21250000 381
21300000 382
21350000 383
21400000 384
21450000 385
21500000 386
21550000 387
21600000 388
21650000 389
21700000 390
21750000 391
21800000 392
21850000 393
21900000 394
21950000 395
22000000 396
22050000 397
22100000 398
22150000 399
22200000 400
22250000 401
22300000 402
22350000 403
22400000 404
22450000 405
22500000 406
22550000 407
22600000 408
22650000 409
22700000 410
22750000 411
22800000 412
22850000 413
22900000 414
22950000 415
23000000 416
23050000 417
23100000 418
23150000 419
23200000 420
23250000 421
23300000 422
23350000 423
23400000 424
23450000 425
23500000 426
23550000 427
23600000 428
23650000 429
23700000 430
23750000 431
23800000 432
23850000 433
23900000 434
23950000 435
24000000 436
24050000 437
24100000 438
24150000 439
24200000 440
24250000 441
24300000 442
24350000 443
24500000 444
24550000 445
24600000 446
24650000 447
24700000 448
24750000 449
24800000 450
24850000 451
24900000 452
24950000 453
25000000 454
25050000 455
25100000 456
25150000 457
25200000 458
25250000 459
25300000 460
25350000 461
25400000 462
25450000 463
25500000 464
25550000 465
25600000 466
25650000 467
25700000 468
25750000 469
25800000 470
25850000 471
25900000 472
25950000 473
26000000 474
26050000 475
26100000 476
26150000 477
26200000 478
26250000 479
26300000 480
26350000 481
26400000 482
26450000 483
26500000 484
26550000 485
26600000 486
26650000 487
26700000 488
26750000 489
26800000 490
26850000 491
26900000 492
26950000 493
27000000 494
27050000 495
27100000 496
27150000 497
27200000 498
27250000 499
27300000 500
27350000 501
27400000 502
27450000 503
27500000 504
27550000 505
27600000 506
27650000 507
27700000 508
27750000 509
27800000 510
27850000 511
27900000 512
27950000 513
28000000 514
28050000 515
28100000 516
28150000 517
28200000 518
28250000 519
28300000 520
28350000 521
28400000 522
28450000 523
28500000 524
28550000 525
28600000 526
28650000 527
28700000 528
28750000 529
28800000 530
28850000 531
28900000 532
28950000 533
29000000 534
29050000 535
29100000 536
29150000 537
29200000 538
29250000 539
29300000 540
29350000 541
29400000 542
29450000 543
29500000 544
29550000 545
29600000 546
29650000 547
29700000 548
29750000 549
29800000 550
29850000 551
29900000 552
29950000 553
30000000 554
30050000 555
30100000 556
30150000 557
30200000 558
30250000 559
30300000 560
30350000 561
30400000 562
30450000 563
30500000 564
30550000 565
30600000 566
30650000 567
30700000 568
30750000 569
30800000 570
30850000 571
30900000 572
30950000 573
31000000 574
31050000 575
31100000 576
31150000 577
31200000 578
31250000 579
31300000 580
31350000 581
31400000 582
31450000 583
31500000 584
31550000 585
31600000 586
31650000 587
31700000 588
31750000 589
31800000 590
31850000 591
31900000 592
31950000 593
32000000 594
32050000 595
32100000 596
32150000 597
32200000 598
32250000 599
32300000 600
32350000 601
32400000 602
32450000 603
32500000 604
32550000 605
32600000 606
32650000 607
32700000 608
32750000 609
32800000 610
32850000 611
32900000 612
32950000 613
33000000 614
33050000 615
33100000 616
33150000 617
33200000 618
33250000 619
33300000 620
33350000 621
33400000 622
33450000 623
33500000 624
33550000 625
33600000 626
33650000 627
33700000 628
33750000 629
33800000 630
33850000 631
33900000 632
33950000 633
34000000 634
34050000 635
34100000 636
34150000 637
34200000 638
34250000 639
34300000 640
34350000 641
34400000 642
34450000 643
34500000 644
34550000 645
34600000 646
34650000 647
34700000 648
34750000 649
34800000 650
34850000 651
34900000 652
34950000 653
35000000 654
35050000 655
35100000 656
35150000 657
35200000 658
35250000 659
35300000 660
35350000 661
35400000 662
35450000 663
35500000 664
35550000 665
35600000 666
35650000 667
35700000 668
35750000 669
35800000 670
35850000 671
35900000 672
35950000 673
36000000 674
36050000 675
36100000 676
36150000 677
36200000 678
36250000 679
36300000 680
36350000 681
36400000 682
36450000 683
36500000 684
36550000 685
36600000 686
36650000 687
36700000 688
36750000 689
36800000 690
36850000 691
36900000 692
36950000 693
37000000 694
37050000 695
37100000 696
37150000 697
37200000 698
37250000 699
37300000 700
37350000 701
37400000 702
37450000 703
37500000 704
37550000 705
37600000 706
37650000 707
37700000 708
37750000 709
37800000 710
37850000 711
37900000 712
37950000 713
38000000 714
38050000 715
38100000 716
38150000 717
38200000 718
38250000 719
38300000 720
38350000 721
38400000 722
38450000 723
38500000 724
38550000 725
38600000 726
38650000 727
38700000 728
38750000 729
38800000 730
38850000 731
38900000 732
38950000 733
39000000 734
39050000 735
39100000 736
39150000 737
39200000 738
39250000 739
39300000 740
39350000 741
39400000 742
39450000 743
39500000 744
39550000 745
39600000 746
39650000 747
39700000 748
39750000 749
39800000 750
39850000 751
39900000 752
39950000 753
40000000 754
40050000 755
40100000 756
40150000 757
40200000 758
40250000 759
40300000 760
40350000 761
40400000 762
40450000 763
40500000 764
40550000 765
40600000 766
40650000 767
40700000 768
40750000 769
40800000 770
40850000 771
40900000 772
40950000 773
41000000 774
41050000 775
41100000 776
41150000 777
41200000 778
41250000 779
41300000 780
41350000 781
41400000 782
41450000 783
41500000 784
41550000 785
41600000 786
41650000 787
41700000 788
41750000 789
41800000 790
41850000 791
41900000 792
41950000 793
42000000 794
42050000 795
42100000 796
42150000 797
42200000 798
42250000 799
42300000 800
42350000 801
42400000 802
42450000 803
42500000 804
42550000 805
42600000 806
42650000 807
42700000 808
42750000 809
42800000 810
42850000 811
42900000 812
42950000 813
43000000 814
43050000 815
43100000 816
43150000 817
43200000 818
43250000 819
43300000 820
43350000 821
43400000 822
43450000 823
43500000 824
43550000 825
43600000 826
43650000 827
43700000 828
43750000 829
43800000 830
43850000 831
43900000 832
43950000 833
44000000 834
44050000 835
44100000 836
44150000 837
44200000 838
44250000 839
44300000 840
44350000 841
44400000 842
44450000 843
44500000 844
44550000 845
44600000 846
44650000 847
44700000 848
44750000 849
44800000 850
44850000 851
44900000 852
44950000 853
45000000 854
45050000 855
45100000 856
45150000 857
45200000 858
45250000 859
45300000 860
45350000 861
45400000 862
45450000 863
45500000 864
45550000 865
45600000 866
45650000 867
45700000 868
45750000 869
45800000 870
45850000 871
45900000 872
45950000 873
46000000 874
46050000 875
46100000 876
46150000 877
46200000 878
46250000 879
46300000 880
46350000 881
46400000 882
46450000 883
46500000 884
46550000 885
46600000 886
46650000 887
46700000 888
46750000 889
46800000 890
46850000 891
46900000 892
46950000 893
47000000 894
47050000 895
47100000 896
47150000 897
47200000 898
47250000 899
47300000 900
47350000 901
47400000 902
47450000 903
47500000 904
47550000 905
47600000 906
47650000 907
47700000 908
47750000 909
47800000 910
47850000 911
47900000 912
47950000 913
48000000 914
48050000 915
48100000 916
48150000 917
48200000 918
48250000 919
48300000 920
48350000 921
48400000 922
48450000 923
48500000 924
48550000 925
48600000 926
48650000 927
48700000 928
48750000 929
48800000 930
48850000 931
48900000 932
48950000 933
49000000 934
49050000 935
49100000 936
49150000 937
49200000 938
49250000 939
49300000 940
49350000 941
49400000 942
49450000 943
49500000 944
49550000 945
49600000 946
49650000 947
49700000 948
49750000 949
49800000 950
49850000 951
49900000 952
49950000 953
50000000 954
50050000 955
50100000 956
50150000 957
50200000 958
50250000 959
50300000 960
50350000 961
50400000 962
50450000 963
50500000 964
50550000 965
50600000 966
50650000 967
50700000 968
50750000 969
50800000 970
50850000 971
50900000 972
50950000 973
51000000 974
51050000 975
51100000 976
51150000 977
51200000 978
51250000 979
51300000 980
51350000 981
51400000 982
51450000 983
51500000 984
51550000 985
51600000 986
51650000 987
51700000 988
51750000 989
51800000 990
51850000 991
51900000 992
51950000 993
52000000 994
52050000 995
52100000 996
52150000 997
52200000 998
52250000 999
52300000 1000
52350000 1001
52400000 1002
52450000 1003
52500000 1004
52550000 1005
52600000 1006
52650000 1007
52700000 1008
52750000 1009
52800000 1010
52850000 1011
52900000 1012
52950000 1013
53000000 1014
53050000 1015
53100000 1016
53150000 1017
53200000 1018
53250000 1019
53300000 1020
53350000 1021
53400000 1022
53450000 1023
53500000 1024
53550000 1025
53600000 1026
53650000 1027
53700000 1028
53750000 1029
53800000 1030
53850000 1031
53900000 1032
53950000 1033
54000000 1034
54050000 1035
54100000 1036
54150000 1037
54200000 1038
54250000 1039
54300000 1040
54350000 1041
54400000 1042
54450000 1043
54500000 1044
54550000 1045
54600000 1046
54650000 1047
54700000 1048
54750000 1049
54800000 1050
54850000 1051
54900000 1052
54950000 1053
55000000 1054
55050000 1055
55100000 1056
55150000 1057
55200000 1058
55250000 1059
55300000 1060
55350000 1061
55400000 1062
55450000 1063
55500000 1064
55550000 1065
55600000 1066
55650000 1067
55700000 1068
55750000 1069
55800000 1070
55850000 1071
55900000 1072
55950000 1073
56000000 1074
56050000 1075
56100000 1076
56150000 1077
56200000 1078
56250000 1079
56300000 1080
56350000 1081
56400000 1082
56450000 1083
56500000 1084
56550000 1085
56600000 1086
56650000 1087
56700000 1088
56750000 1089
56800000 1090
56850000 1091
56900000 1092
56950000 1093
57000000 1094
57050000 1095
57100000 1096
57150000 1097
57200000 1098
57250000 1099
57300000 1100
57350000 1101
57400000 1102
57450000 1103
57500000 1104
57550000 1105
57600000 1106
57650000 1107
57700000 1108
57750000 1109
57800000 1110
57850000 1111
57900000 1112
57950000 1113
58000000 1114
58050000 1115
58100000 1116
58150000 1117
58200000 1118
58250000 1119
58300000 1120
58350000 1121
58400000 1122
58450000 1123
58500000 1124
58550000 1125
58600000 1126
58650000 1127
58700000 1128
58750000 1129
58800000 1130
58850000 1131
58900000 1132
58950000 1133
59000000 1134
59050000 1135
59100000 1136
59150000 1137
59200000 1138
59250000 1139
59300000 1140
59350000 1141
59400000 1142
59450000 1143
59500000 1144
59550000 1145
59600000 1146
59650000 1147
59700000 1148
59750000 1149
59800000 1150
59850000 1151
59900000 1152
59950000 1153
60000000 1154
60050000 1155
60100000 1156
60150000 1157
60200000 1158
60250000 1159
60300000 1160
60350000 1161
60400000 1162
60450000 1163
60500000 1164
60550000 1165
60600000 1166
60650000 1167
60700000 1168
60750000 1169
60800000 1170
60850000 1171
60900000 1172
60950000 1173
61000000 1174
61050000 1175
61100000 1176
61150000 1177
61200000 1178
61250000 1179
61300000 1180
61350000 1181
61400000 1182
61450000 1183
61500000 1184
61550000 1185
61600000 1186
61650000 1187
61700000 1188
61750000 1189
61800000 1190
61850000 1191
61900000 1192
61950000 1193
62000000 1194
62050000 1195
62100000 1196
62150000 1197
62200000 1198
62250000 1199
62300000 1200
62350000 1201
62400000 1202
62450000 1203
62500000 1204
62550000 1205
62600000 1206
62650000 1207
62700000 1208
62750000 1209
62800000 1210
62850000 1211
62900000 1212
62950000 1213
63000000 1214
63050000 1215
63100000 1216
63150000 1217
63200000 1218
63250000 1219
63300000 1220
63350000 1221
63400000 1222
63450000 1223
63500000 1224
63550000 1225
63600000 1226
63650000 1227
63700000 1228
63750000 1229
63800000 1230
63850000 1231
63900000 1232
63950000 1233
64000000 1234
64050000 1235
64100000 1236
64150000 1237
64200000 1238
64250000 1239
64300000 1240
64350000 1241
64400000 1242
64450000 1243
64500000 1244
64550000 1245
64600000 1246
64650000 1247
64700000 1248
64750000 1249
64800000 1250
64850000 1251
64900000 1252
64950000 1253
65000000 1254
65050000 1255
65100000 1256
65150000 1257
65200000 1258
65250000 1259
65300000 1260
65350000 1261
65400000 1262
65450000 1263
65500000 1264
65550000 1265
65600000 1266
65650000 1267
65700000 1268
65750000 1269
65800000 1270
65850000 1271
65900000 1272
65950000 1273
66000000 1274
66050000 1275
66100000 1276
66150000 1277
66200000 1278
66250000 1279
66300000 1280
66350000 1281
66400000 1282
66450000 1283
66500000 1284
66550000 1285
66600000 1286
66650000 1287
66700000 1288
66750000 1289
66800000 1290
66850000 1291
66900000 1292
66950000 1293
67000000 1294
67050000 1295
67100000 1296
67150000 1297
67200000 1298
67250000 1299
67300000 1300
67350000 1301
67400000 1302
67450000 1303
67500000 1304
67550000 1305
67600000 1306
67650000 1307
67700000 1308
67750000 1309
67800000 1310
67850000 1311
67900000 1312
67950000 1313
68000000 1314
68050000 1315
68100000 1316
68150000 1317
68200000 1318
68250000 1319
68300000 1320
68350000 1321
68400000 1322
68450000 1323
68500000 1324
68550000 1325
68600000 1326
68650000 1327
68700000 1328
68750000 1329
68800000 1330
68850000 1331
68900000 1332
68950000 1333
69000000 1334
69050000 1335
69100000 1336
69150000 1337
69200000 1338
69250000 1339
69300000 1340
69350000 1341
69400000 1342
69450000 1343
69500000 1344
69550000 1345
69600000 1346
69650000 1347
69700000 1348
69750000 1349
69800000 1350
69850000 1351
69900000 1352
69950000 1353
70000000 1354
70050000 1355
70100000 1356
70150000 1357
70200000 1358
70250000 1359
70300000 1360
70350000 1361
70400000 1362
70450000 1363
70500000 1364
70550000 1365
70600000 1366
70650000 1367
70700000 1368
70750000 1369
70800000 1370
70850000 1371
70900000 1372
70950000 1373
71000000 1374
71050000 1375
71100000 1376
71150000 1377
71200000 1378
71250000 1379
71300000 1380
71350000 1381
71400000 1382
71450000 1383
71500000 1384
71550000 1385
71600000 1386
71650000 1387
71700000 1388
71750000 1389
71800000 1390
71850000 1391
71900000 1392
71950000 1393
72000000 1394
72050000 1395
72100000 1396
72150000 1397
72200000 1398
72250000 1399
72300000 1400
72350000 1401
72400000 1402
72450000 1403
72500000 1404
72550000 1405
72600000 1406
72650000 1407
72700000 1408
72750000 1409
72800000 1410
72850000 1411
72900000 1412
72950000 1413
73000000 1414
73050000 1415
73100000 1416
73150000 1417
73200000 1418
73250000 1419
73300000 1420
73350000 1421
73400000 1422
73450000 1423
73500000 1424
73550000 1425
73600000 1426
73650000 1427
73700000 1428
73750000 1429
73800000 1430
73850000 1431
73900000 1432
73950000 1433
74000000 1434
74050000 1435
74100000 1436
74150000 1437
74200000 1438
74250000 1439
74300000 1440
74350000 1441
74400000 1442
74450000 1443
74500000 1444
74550000 1445
74600000 1446
74650000 1447
74700000 1448
74750000 1449
74800000 1450
74850000 1451
74900000 1452
74950000 1453
75000000 1454
75050000 1455
75100000 1456
75150000 1457
75200000 1458
75250000 1459
75300000 1460
75350000 1461
75400000 1462
75450000 1463
75500000 1464
75550000 1465
75600000 1466
75650000 1467
75700000 1468
75750000 1469
75800000 1470
75850000 1471
75900000 1472
75950000 1473
76000000 1474
76050000 1475
76100000 1476
76150000 1477
76200000 1478
76250000 1479
76300000 1480
76350000 1481
76400000 1482
76450000 1483
76500000 1484
76550000 1485
76600000 1486
76650000 1487
76700000 1488
76750000 1489
76800000 1490
76850000 1491
76900000 1492
76950000 1493
77000000 1494
77050000 1495
77100000 1496
77150000 1497
77200000 1498
77250000 1499
77300000 1500
77350000 1501
77400000 1502
77450000 1503
77500000 1504
77550000 1505
77600000 1506
77650000 1507
77700000 1508
77750000 1509
77800000 1510
77850000 1511
77900000 1512
77950000 1513
78000000 1514
78050000 1515
78100000 1516
78150000 1517
78200000 1518
78250000 1519
78300000 1520
78350000 1521
78400000 1522
78450000 1523
78500000 1524
78550000 1525
78600000 1526
78650000 1527
78700000 1528
78750000 1529
78800000 1530
78850000 1531
78900000 1532
78950000 1533
79000000 1534
79050000 1535
79100000 1536
79150000 1537
79200000 1538
79250000 1539
79300000 1540
79350000 1541
79400000 1542
79450000 1543
79500000 1544
79550000 1545
79600000 1546
79650000 1547
79700000 1548
79750000 1549
79800000 1550
79850000 1551
79900000 1552
79950000 1553
80000000 1554
80050000 1555
80100000 1556
80150000 1557
80200000 1558
80250000 1559
80300000 1560
80350000 1561
80400000 1562
80450000 1563
80500000 1564
80550000 1565
80600000 1566
80650000 1567
80700000 1568
80750000 1569
80800000 1570
80850000 1571
80900000 1572
80950000 1573
81000000 1574
81050000 1575
81100000 1576
81150000 1577
81200000 1578
81250000 1579
81300000 1580
81350000 1581
81400000 1582
81450000 1583
81500000 1584
81550000 1585
81600000 1586
81650000 1587
81700000 1588
81750000 1589
81800000 1590
81850000 1591
81900000 1592
81950000 1593
82000000 1594
82050000 1595
82100000 1596
82150000 1597
82200000 1598
82250000 1599
82300000 1600
82350000 1601
82400000 1602
82450000 1603
82500000 1604
82550000 1605
82600000 1606
82650000 1607
82700000 1608
82750000 1609
82800000 1610
82850000 1611
82900000 1612
82950000 1613
83000000 1614
83050000 1615
83100000 1616
83150000 1617
83200000 1618
83250000 1619
83300000 1620
83350000 1621
83400000 1622
83450000 1623
83500000 1624
83550000 1625
83600000 1626
83650000 1627
83700000 1628
83750000 1629
83800000 1630
83850000 1631
83900000 1632
83950000 1633
84000000 1634
84050000 1635
84100000 1636
84150000 1637
84200000 1638
84250000 1639
84300000 1640
84350000 1641
84400000 1642
84450000 1643
84500000 1644
84550000 1645
84600000 1646
84650000 1647
84700000 1648
84750000 1649
84800000 1650
84850000 1651
84900000 1652
84950000 1653
85000000 1654
85050000 1655
85100000 1656
85150000 1657
85200000 1658
85250000 1659
85300000 1660
85350000 1661
85400000 1662
85450000 1663
85500000 1664
85550000 1665
85600000 1666
85650000 1667
85700000 1668
85750000 1669
85800000 1670
85850000 1671
85900000 1672
85950000 1673
86000000 1674
86050000 1675
86100000 1676
86150000 1677
86200000 1678
86250000 1679
86300000 1680
86350000 1681
86400000 1682
86450000 1683
86500000 1684
86550000 1685
86600000 1686
86650000 1687
86700000 1688
86750000 1689
86800000 1690
86850000 1691
86900000 1692
86950000 1693
87000000 1694
87050000 1695
87100000 1696
87150000 1697
87200000 1698
87250000 1699
87300000 1700
87350000 1701
87400000 1702
87450000 1703
87500000 1704
87550000 1705
87600000 1706
87650000 1707
87700000 1708
87750000 1709
87800000 1710
87850000 1711
87900000 1712
87950000 1713
88000000 1714
88050000 1715
88100000 1716
88150000 1717
88200000 1718
88250000 1719
88300000 1720
88350000 1721
88400000 1722
88450000 1723
88500000 1724
88550000 1725
88600000 1726
88650000 1727
88700000 1728
88750000 1729
88800000 1730
88850000 1731
88900000 1732
88950000 1733
89000000 1734
89050000 1735
89100000 1736
89150000 1737
89200000 1738
89250000 1739
89300000 1740
89350000 1741
89400000 1742
89450000 1743
89500000 1744
89550000 1745
89600000 1746
89650000 1747
89700000 1748
89750000 1749
89800000 1750
89850000 1751
89900000 1752
89950000 1753
90000000 1754
90050000 1755
90100000 1756
90150000 1757
90200000 1758
90250000 1759
90300000 1760
90350000 1761
90400000 1762
90450000 1763
90500000 1764
90550000 1765
90600000 1766
90650000 1767
90700000 1768
90750000 1769
90800000 1770
90850000 1771
90900000 1772
90950000 1773
91000000 1774
91050000 1775
91100000 1776
91150000 1777
91200000 1778
91250000 1779
91300000 1780
91350000 1781
91400000 1782
91450000 1783
91500000 1784
91550000 1785
91600000 1786
91650000 1787
91700000 1788
91750000 1789
91800000 1790
91850000 1791
91900000 1792
91950000 1793
92000000 1794
92050000 1795
92100000 1796
92150000 1797
92200000 1798
92250000 1799
92300000 1800
92350000 1801
92400000 1802
92450000 1803
92500000 1804
92550000 1805
92600000 1806
92650000 1807
92700000 1808
92750000 1809
92800000 1810
92850000 1811
92900000 1812
92950000 1813
93000000 1814
93050000 1815
93100000 1816
93150000 1817
93200000 1818
93250000 1819
93300000 1820
93350000 1821
93400000 1822
93450000 1823
93500000 1824
93550000 1825
93600000 1826
93650000 1827
93700000 1828
93750000 1829
93800000 1830
93850000 1831
93900000 1832
93950000 1833
94000000 1834
94050000 1835
94100000 1836
94150000 1837
94200000 1838
94250000 1839
94300000 1840
94350000 1841
94400000 1842
94450000 1843
94500000 1844
94550000 1845
94600000 1846
94650000 1847
94700000 1848
94750000 1849
94800000 1850
94850000 1851
94900000 1852
94950000 1853
95000000 1854
95050000 1855
95100000 1856
95150000 1857
95200000 1858
95250000 1859
95300000 1860
95350000 1861
95400000 1862
95450000 1863
95500000 1864
95550000 1865
95600000 1866
95650000 1867
95700000 1868
95750000 1869
95800000 1870
95850000 1871
95900000 1872
95950000 1873
96000000 1874
96050000 1875
96100000 1876
96150000 1877
96200000 1878
96250000 1879
96300000 1880
96350000 1881
96400000 1882
96450000 1883
96500000 1884
96550000 1885
96600000 1886
96650000 1887
96700000 1888
96750000 1889
96800000 1890
96850000 1891
96900000 1892
96950000 1893
97000000 1894
97050000 1895
97100000 1896
97150000 1897
97200000 1898
97250000 1899
97300000 1900
97350000 1901
97400000 1902
97450000 1903
97500000 1904
97550000 1905
97600000 1906
97650000 1907
97700000 1908
97750000 1909
97800000 1910
97850000 1911
97900000 1912
97950000 1913
98000000 1914
98050000 1915
98100000 1916
98150000 1917
98200000 1918
98250000 1919
98300000 1920
98350000 1921
98400000 1922
98450000 1923
98500000 1924
98550000 1925
98600000 1926
98650000 1927
98700000 1928
98750000 1929
98800000 1930
98850000 1931
98900000 1932
98950000 1933
99000000 1934
99050000 1935
99100000 1936
99150000 1937
99200000 1938
99250000 1939
99300000 1940
99350000 1941
99400000 1942
99450000 1943
99500000 1944
99550000 1945
99600000 1946
99650000 1947
99700000 1948
99750000 1949
99800000 1950
99850000 1951
99900000 1952
99950000 1953
100000000 1954
100050000 1955
100100000 1956
100150000 1957
100200000 1958
100250000 1959
100300000 1960
100350000 1961
100400000 1962
100450000 1963
100500000 1964
100550000 1965
100600000 1966
100650000 1967
100700000 1968
100750000 1969
100800000 1970
100850000 1971
100900000 1972
100950000 1973
101000000 1974
101050000 1975
101100000 1976
101150000 1977
101200000 1978
101250000 1979
101300000 1980
101350000 1981
101400000 1982
101450000 1983
101500000 1984
101550000 1985
101600000 1986
101650000 1987
101700000 1988
101750000 1989
101800000 1990
101850000 1991
101900000 1992
101950000 1993
102000000 1994
102050000 1995
102100000 1996
102150000 1997
102200000 1998
102250000 1999
102300000 2000
102350000 2001
102400000 2002
102450000 2003
102500000 2004
102550000 2005
102600000 2006
102650000 2007
102700000 2008
102750000 2009
102800000 2010
102850000 2011
102900000 2012
102950000 2013
103000000 2014
103050000 2015
103100000 2016
103150000 2017
103200000 2018
103250000 2019
103300000 2020
103350000 2021
103400000 2022
103450000 2023
103500000 2024
103550000 2025
103600000 2026
103650000 2027
103700000 2028
103750000 2029
103800000 2030
103850000 2031
103900000 2032
103950000 2033
104000000 2034
104050000 2035
104100000 2036
104150000 2037
104200000 2038
104250000 2039
104300000 2040
104350000 2041
104400000 2042
104450000 2043
104500000 2044
104550000 2045
104600000 2046
104650000 2047
104700000 2048
104750000 2049
104800000 2050
104850000 2051
104900000 2052
104950000 2053
105000000 2054
105050000 2055
105100000 2056
105150000 2057
105200000 2058
105250000 2059
105300000 2060
105350000 2061
105400000 2062
105450000 2063
105500000 2064
105550000 2065
105600000 2066
105650000 2067
105700000 2068
105750000 2069
105800000 2070
105850000 2071
105900000 2072
105950000 2073
106000000 2074
106050000 2075
106100000 2076
106150000 2077
106200000 2078
106250000 2079
106300000 2080
106350000 2081
106400000 2082
106450000 2083
106500000 2084
106550000 2085
106600000 2086
106650000 2087
106700000 2088
106750000 2089
106800000 2090
106850000 2091
106900000 2092
106950000 2093
107000000 2094
107050000 2095
107100000 2096
107150000 2097
107200000 2098
107250000 2099
107300000 2100
107350000 2101
107400000 2102
107450000 2103
107500000 2104
107550000 2105
107600000 2106
107650000 2107
107700000 2108
107750000 2109
107800000 2110
107850000 2111
107900000 2112
107950000 2113
108000000 2114
108050000 2115
108100000 2116
108150000 2117
108200000 2118
108250000 2119
108300000 2120
108350000 2121
108400000 2122
108450000 2123
108500000 2124
108550000 2125
108600000 2126
108650000 2127
108700000 2128
108750000 2129
108800000 2130
108850000 2131
108900000 2132
108950000 2133
109000000 2134
109050000 2135
109100000 2136
109150000 2137
109200000 2138
109250000 2139
109300000 2140
109350000 2141
109400000 2142
109450000 2143
109500000 2144
109550000 2145
109600000 2146
109650000 2147
109700000 2148
109750000 2149
109800000 2150
109850000 2151
109900000 2152
109950000 2153
110000000 2154
110050000 2155
110100000 2156
110150000 2157
110200000 2158
110250000 2159
110300000 2160
110350000 2161
110400000 2162
110450000 2163
110500000 2164
110550000 2165
110600000 2166
110650000 2167
110700000 2168
110750000 2169
110800000 2170
110850000 2171
110900000 2172
110950000 2173
111000000 2174
111050000 2175
111100000 2176
111150000 2177
111200000 2178
111250000 2179
111300000 2180
111350000 2181
111400000 2182
111450000 2183
111500000 2184
111550000 2185
111600000 2186
111650000 2187
111700000 2188
111750000 2189
111800000 2190
111850000 2191
111900000 2192
111950000 2193
112000000 2194
112050000 2195
112100000 2196
112150000 2197
112200000 2198
112250000 2199
112300000 2200
112350000 2201
112400000 2202
112450000 2203
112500000 2204
112550000 2205
112600000 2206
112650000 2207
112700000 2208
112750000 2209
112800000 2210
112850000 2211
112900000 2212
112950000 2213
113000000 2214
113050000 2215
113100000 2216
113150000 2217
113200000 2218
113250000 2219
113300000 2220
113350000 2221
113400000 2222
113450000 2223
113500000 2224
113550000 2225
113600000 2226
113650000 2227
113700000 2228
113750000 2229
113800000 2230
113850000 2231
113900000 2232
113950000 2233
114000000 2234
114050000 2235
114100000 2236
114150000 2237
114200000 2238
114250000 2239
114300000 2240
114350000 2241
114400000 2242
114450000 2243
114500000 2244
114550000 2245
114600000 2246
114650000 2247
114700000 2248
114750000 2249
114800000 2250
114850000 2251
114900000 2252
114950000 2253
115000000 2254
115050000 2255
115100000 2256
115150000 2257
115200000 2258
115250000 2259
115300000 2260
115350000 2261
115400000 2262
115450000 2263
115500000 2264
115550000 2265
115600000 2266
115650000 2267
115700000 2268
115750000 2269
115800000 2270
115850000 2271
115900000 2272
115950000 2273
116000000 2274
116050000 2275
116100000 2276
116150000 2277
116200000 2278
116250000 2279
116300000 2280
116350000 2281
116400000 2282
116450000 2283
116500000 2284
116550000 2285
116600000 2286
116650000 2287
116700000 2288
116750000 2289
116800000 2290
116850000 2291
116900000 2292
116950000 2293
117000000 2294
117050000 2295
117100000 2296
117150000 2297
117200000 2298
117250000 2299
117300000 2300
117350000 2301
117400000 2302
117450000 2303
117500000 2304
117550000 2305
117600000 2306
117650000 2307
117700000 2308
117750000 2309
117800000 2310
117850000 2311
117900000 2312
117950000 2313
118000000 2314
118050000 2315
118100000 2316
118150000 2317
118200000 2318
118250000 2319
118300000 2320
118350000 2321
118400000 2322
118450000 2323
118500000 2324
118550000 2325
118600000 2326
118650000 2327
118700000 2328
118750000 2329
118800000 2330
118850000 2331
118900000 2332
118950000 2333
119000000 2334
119050000 2335
119100000 2336
119150000 2337
119200000 2338
119250000 2339
119300000 2340
119350000 2341
119400000 2342
119450000 2343
119500000 2344
119550000 2345
119600000 2346
119650000 2347
119700000 2348
119750000 2349
119800000 2350
119850000 2351
119900000 2352
119950000 2353
120000000 2354
120050000 2355
120100000 2356
120150000 2357
120200000 2358
120250000 2359
120300000 2360
120350000 2361
120400000 2362
120450000 2363
120500000 2364
120550000 2365
120600000 2366
120650000 2367
120700000 2368
120750000 2369
120800000 2370
120850000 2371
120900000 2372
120950000 2373
121000000 2374
121050000 2375
121100000 2376
121150000 2377
121200000 2378
121250000 2379
121300000 2380
121350000 2381
121400000 2382
121450000 2383
121500000 2384
121550000 2385
121600000 2386
121650000 2387
121700000 2388
121750000 2389
121800000 2390
121850000 2391
121900000 2392
121950000 2393
122000000 2394
122050000 2395
122100000 2396
122150000 2397
122200000 2398
122250000 2399
122300000 2400
122350000 2401
122400000 2402
122450000 2403
122500000 2404
122550000 2405
122600000 2406
122650000 2407
122700000 2408
122750000 2409
122800000 2410
122850000 2411
122900000 2412
122950000 2413
123000000 2414
123050000 2415
123100000 2416
123150000 2417
123200000 2418
123250000 2419
123300000 2420
123350000 2421
123400000 2422
123450000 2423
123500000 2424
123550000 2425
123600000 2426
123650000 2427
123700000 2428
123750000 2429
123800000 2430
123850000 2431
123900000 2432
123950000 2433
124000000 2434
124050000 2435
124100000 2436
124150000 2437
124200000 2438
124250000 2439
124300000 2440
124350000 2441
124400000 2442
124450000 2443
124500000 2444
124550000 2445
124600000 2446
124650000 2447
124700000 2448
124750000 2449
124800000 2450
124850000 2451
124900000 2452
124950000 2453
125000000 2454
125050000 2455
125100000 2456
125150000 2457
125200000 2458
125250000 2459
125300000 2460
125350000 2461
125400000 2462
125450000 2463
125500000 2464
125550000 2465
125600000 2466
125650000 2467
125700000 2468
125750000 2469
125800000 2470
125850000 2471
125900000 2472
125950000 2473
126000000 2474
126050000 2475
126100000 2476
126150000 2477
126200000 2478
126250000 2479
126300000 2480
126350000 2481
126400000 2482
126450000 2483
126500000 2484
126550000 2485
126600000 2486
126650000 2487
126700000 2488
126750000 2489
126800000 2490
126850000 2491
126900000 2492
126950000 2493
127000000 2494
127050000 2495
127100000 2496
127150000 2497
127200000 2498
127250000 2499
127300000 2500
127350000 2501
127400000 2502
127450000 2503
127500000 2504
127550000 2505
127600000 2506
127650000 2507
127700000 2508
127750000 2509
127800000 2510
127850000 2511
127900000 2512
127950000 2513
128000000 2514
128050000 2515
128100000 2516
128150000 2517
128200000 2518
128250000 2519
128300000 2520
128350000 2521
128400000 2522
128450000 2523
128500000 2524
128550000 2525
128600000 2526
128650000 2527
128700000 2528
128750000 2529
128800000 2530
128850000 2531
128900000 2532
128950000 2533
129000000 2534
129050000 2535
129100000 2536
129150000 2537
129200000 2538
129250000 2539
129300000 2540
129350000 2541
129400000 2542
129450000 2543
129500000 2544
129550000 2545
129600000 2546
129650000 2547
129700000 2548
129750000 2549
129800000 2550
129850000 2551
129900000 2552
129950000 2553
130000000 2554
130050000 2555
130100000 2556
130150000 2557
130200000 2558
130250000 2559
130300000 2560
130350000 2561
130400000 2562
130450000 2563
130500000 2564
130550000 2565
130600000 2566
130650000 2567
130700000 2568
130750000 2569
130800000 2570
130850000 2571
130900000 2572
130950000 2573
131000000 2574
131050000 2575
131100000 2576
131150000 2577
131200000 2578
131250000 2579
131300000 2580
131350000 2581
131400000 2582
131450000 2583
131500000 2584
131550000 2585
131600000 2586
131650000 2587
131700000 2588
131750000 2589
131800000 2590
131850000 2591
131900000 2592
131950000 2593
132000000 2594
132050000 2595
132100000 2596
132150000 2597
132200000 2598
132250000 2599
132300000 2600
132350000 2601
132400000 2602
132450000 2603
132500000 2604
132550000 2605
132600000 2606
132650000 2607
132700000 2608
132750000 2609
132800000 2610
132850000 2611
132900000 2612
132950000 2613
133000000 2614
133050000 2615
133100000 2616
133150000 2617
133200000 2618
133250000 2619
133300000 2620
133350000 2621
133400000 2622
133450000 2623
133500000 2624
133550000 2625
133600000 2626
133650000 2627
133700000 2628
133750000 2629
133800000 2630
133850000 2631
133900000 2632
133950000 2633
134000000 2634
134050000 2635
134100000 2636
134150000 2637
134200000 2638
134250000 2639
134300000 2640
134350000 2641
134400000 2642
134450000 2643
134500000 2644
134550000 2645
134600000 2646
134650000 2647
134700000 2648
134750000 2649
134800000 2650
134850000 2651
134900000 2652
134950000 2653
135000000 2654
135050000 2655
135100000 2656
135150000 2657
135200000 2658
135250000 2659
135300000 2660
135350000 2661
135400000 2662
135450000 2663
135500000 2664
135550000 2665
135600000 2666
135650000 2667
135700000 2668
135750000 2669
135800000 2670
135850000 2671
135900000 2672
135950000 2673
136000000 2674
136050000 2675
136100000 2676
136150000 2677
136200000 2678
136250000 2679
136300000 2680
136350000 2681
136400000 2682
136450000 2683
136500000 2684
136550000 2685
136600000 2686
136650000 2687
136700000 2688
136750000 2689
136800000 2690
136850000 2691
136900000 2692
136950000 2693
137000000 2694
137050000 2695
137100000 2696
137150000 2697
137200000 2698
137250000 2699
137300000 2700
137350000 2701
137400000 2702
137450000 2703
137500000 2704
137550000 2705
137600000 2706
137650000 2707
137700000 2708
137750000 2709
137800000 2710
137850000 2711
137900000 2712
137950000 2713
138000000 2714
138050000 2715
138100000 2716
138150000 2717
138200000 2718
138250000 2719
138300000 2720
138350000 2721
138400000 2722
138450000 2723
138500000 2724
138550000 2725
138600000 2726
138650000 2727
138700000 2728
138750000 2729
138800000 2730
138850000 2731
138900000 2732
138950000 2733
139000000 2734
139050000 2735
139100000 2736
139150000 2737
139200000 2738
139250000 2739
139300000 2740
139350000 2741
139400000 2742
139450000 2743
139500000 2744
139550000 2745
139600000 2746
139650000 2747
139700000 2748
139750000 2749
139800000 2750
139850000 2751
139900000 2752
139950000 2753
140000000 2754
140050000 2755
140100000 2756
140150000 2757
140200000 2758
140250000 2759
140300000 2760
140350000 2761
140400000 2762
140450000 2763
140500000 2764
140550000 2765
140600000 2766
140650000 2767
140700000 2768
140750000 2769
140800000 2770
140850000 2771
140900000 2772
140950000 2773
141000000 2774
141050000 2775
141100000 2776
141150000 2777
141200000 2778
141250000 2779
141300000 2780
141350000 2781
141400000 2782
141450000 2783
141500000 2784
141550000 2785
141600000 2786
141650000 2787
141700000 2788
141750000 2789
141800000 2790
141850000 2791
141900000 2792
141950000 2793
142000000 2794
142050000 2795
142100000 2796
142150000 2797
142200000 2798
142250000 2799
142300000 2800
142350000 2801
142400000 2802
142450000 2803
142500000 2804
142550000 2805
142600000 2806
142650000 2807
142700000 2808
142750000 2809
142800000 2810
142850000 2811
142900000 2812
142950000 2813
143000000 2814
143050000 2815
143100000 2816
143150000 2817
143200000 2818
143250000 2819
143300000 2820
143350000 2821
143400000 2822
143450000 2823
143500000 2824
143550000 2825
143600000 2826
143650000 2827
143700000 2828
143750000 2829
143800000 2830
143850000 2831
143900000 2832
143950000 2833
144000000 2834
144050000 2835
144100000 2836
144150000 2837
144200000 2838
144250000 2839
144300000 2840
144350000 2841
144400000 2842
144450000 2843
144500000 2844
144550000 2845
144600000 2846
144650000 2847
144700000 2848
144750000 2849
144800000 2850
144850000 2851
144900000 2852
144950000 2853
145000000 2854
145050000 2855
145100000 2856
145150000 2857
145200000 2858
145250000 2859
145300000 2860
145350000 2861
145400000 2862
145450000 2863
145500000 2864
145550000 2865
145600000 2866
145650000 2867
145700000 2868
145750000 2869
145800000 2870
145850000 2871
145900000 2872
145950000 2873
146000000 2874
146050000 2875
146100000 2876
146150000 2877
146200000 2878
146250000 2879
146300000 2880
146350000 2881
146400000 2882
146450000 2883
146500000 2884
146550000 2885
146600000 2886
146650000 2887
146700000 2888
146750000 2889
146800000 2890
146850000 2891
146900000 2892
146950000 2893
147000000 2894
147050000 2895
147100000 2896
147150000 2897
147200000 2898
147250000 2899
147300000 2900
147350000 2901
147400000 2902
147450000 2903
147500000 2904
147550000 2905
147600000 2906
147650000 2907
147700000 2908
147750000 2909
147800000 2910
147850000 2911
147900000 2912
147950000 2913
148000000 2914
148050000 2915
148100000 2916
148150000 2917
148200000 2918
148250000 2919
148300000 2920
148350000 2921
148400000 2922
148450000 2923
148500000 2924
148550000 2925
148600000 2926
148650000 2927
148700000 2928
148750000 2929
148800000 2930
148850000 2931
148900000 2932
148950000 2933
149000000 2934
149050000 2935
149100000 2936
149150000 2937
149200000 2938
149250000 2939
149300000 2940
149350000 2941
149400000 2942
149450000 2943
149500000 2944
149550000 2945
149600000 2946
149650000 2947
149700000 2948
149750000 2949
149800000 2950
149850000 2951
149900000 2952
149950000 2953
150000000 2954
150050000 2955
150100000 2956
150150000 2957
150200000 2958
150250000 2959
150300000 2960
150350000 2961
150400000 2962
150450000 2963
150500000 2964
150550000 2965
150600000 2966
150650000 2967
150700000 2968
150750000 2969
150800000 2970
150850000 2971
150900000 2972
150950000 2973
151000000 2974
151050000 2975
151100000 2976
151150000 2977
151200000 2978
151250000 2979
151300000 2980
151350000 2981
151400000 2982
151450000 2983
151500000 2984
151550000 2985
151600000 2986
151650000 2987
151700000 2988
151750000 2989
151800000 2990
151850000 2991
151900000 2992
151950000 2993
152000000 2994
152050000 2995
152100000 2996
152150000 2997
152200000 2998
152250000 2999
152300000 3000
152350000 3001
152400000 3002
152450000 3003
152500000 3004
152550000 3005
152600000 3006
152650000 3007
152700000 3008
152750000 3009
152800000 3010
152850000 3011
152900000 3012
152950000 3013
153000000 3014
153050000 3015
153100000 3016
153150000 3017
153200000 3018
153250000 3019
153300000 3020
153350000 3021
153400000 3022
153450000 3023
153500000 3024
153550000 3025
153600000 3026
153650000 3027
153700000 3028
153750000 3029
153800000 3030
153850000 3031
153900000 3032
153950000 3033
154000000 3034
154050000 3035
154100000 3036
154150000 3037
154200000 3038
154250000 3039
154300000 3040
154350000 3041
154400000 3042
154450000 3043
154500000 3044
154550000 3045
154600000 3046
154650000 3047
154700000 3048
154750000 3049
154800000 3050
154850000 3051
154900000 3052
154950000 3053
155000000 3054
155050000 3055
155100000 3056
155150000 3057
155200000 3058
155250000 3059
155300000 3060
155350000 3061
155400000 3062
155450000 3063
155500000 3064
155550000 3065
155600000 3066
155650000 3067
155700000 3068
155750000 3069
155800000 3070
155850000 3071
155900000 3072
155950000 3073
156000000 3074
156050000 3075
156100000 3076
156150000 3077
156200000 3078
156250000 3079
156300000 3080
156350000 3081
156400000 3082
156450000 3083
156500000 3084
156550000 3085
156600000 3086
156650000 3087
156700000 3088
156750000 3089
156800000 3090
156850000 3091
156900000 3092
156950000 3093
157000000 3094
157050000 3095
157100000 3096
157150000 3097
157200000 3098
157250000 3099
157300000 3100
157350000 3101
157400000 3102
157450000 3103
157500000 3104
157550000 3105
157600000 3106
157650000 3107
157700000 3108
157750000 3109
157800000 3110
157850000 3111
157900000 3112
157950000 3113
158000000 3114
158050000 3115
158100000 3116
158150000 3117
158200000 3118
158250000 3119
158300000 3120
158350000 3121
158400000 3122
158450000 3123
158500000 3124
158550000 3125
158600000 3126
158650000 3127
158700000 3128
158750000 3129
158800000 3130
158850000 3131
158900000 3132
158950000 3133
159000000 3134
159050000 3135
159100000 3136
159150000 3137
159200000 3138
159250000 3139
159300000 3140
159350000 3141
159400000 3142
159450000 3143
159500000 3144
159550000 3145
159600000 3146
159650000 3147
159700000 3148
159750000 3149
159800000 3150
159850000 3151
159900000 3152
