3500000 1
4000000 2
4500000 3
5000000 4
5500000 5
6000000 6
6500000 7
7000000 8
7500000 9
8000000 10
8500000 11
9000000 12
9500000 13
10000000 14
10500000 15
11000000 16
11500000 17
12000000 18
12500000 19
13000000 20
13500000 21
14000000 22
14500000 23
15000000 24
15500000 25
16000000 26
16500000 27
17000000 28
17500000 29
18000000 30
18500000 31
19000000 32
19500000 33
20000000 34
20500000 35
21000000 36
21500000 37
22000000 38
22500000 39
23000000 40
23500000 41
24000000 42
24500000 43
25000000 44
25500000 45
26000000 46
26500000 47
27000000 48
27500000 49
28000000 50
28500000 51
29000000 52
29500000 53
30000000 54
30500000 55
31000000 56
31500000 57
32000000 58
32500000 59
33000000 60
33500000 61
34000000 62
34500000 63
35000000 64
35500000 65
36000000 66
36500000 67
37000000 68
37500000 69
38000000 70
38500000 71
39000000 72
39500000 73
40000000 74
40500000 75
41000000 76
41500000 77
42000000 78
42500000 79
43000000 80
43500000 81
44000000 82
44500000 83
45000000 84
45500000 85
46000000 86
46500000 87
47000000 88
47500000 89
48000000 90
48500000 91
49000000 92
49500000 93
50000000 94
50500000 95
51000000 96
51500000 97
52000000 98
52500000 99
53000000 100
53500000 101
54000000 102
54500000 103
55000000 104
55500000 105
56000000 106
56500000 107
57000000 108
57500000 109
58000000 110
58500000 111
59000000 112
59500000 113
60000000 114
60500000 115
61000000 116
61500000 117
62000000 118
62500000 119
63000000 120
63500000 121
64000000 122
64500000 123
65000000 124
65500000 125
66000000 126
66500000 127
67000000 128
67500000 129
68000000 130
68500000 131
69000000 132
69500000 133
70000000 134
70500000 135
71000000 136
71500000 137
72000000 138
72500000 139
73000000 140
73500000 141
74000000 142
74500000 143
75000000 144
75500000 145
76000000 146
76500000 147
77000000 148
77500000 149
78000000 150
78500000 151
79000000 152
79500000 153
80000000 154
80500000 155
81000000 156
81500000 157
82000000 158
82500000 159
83000000 160
83500000 161
84000000 162
84500000 163
85000000 164
85500000 165
86000000 166
86500000 167
87000000 168
87500000 169
88000000 170
88500000 171
89000000 172
89500000 173
90000000 174
90500000 175
91000000 176
91500000 177
92000000 178
92500000 179
93000000 180
93500000 181
94000000 182
94500000 183
95000000 184
95500000 185
96000000 186
96500000 187
97000000 188
97500000 189
98000000 190
98500000 191
99000000 192
99500000 193
100000000 194
100500000 195
101000000 196
101500000 197
102000000 198
102500000 199
103000000 200
103500000 201
104000000 202
104500000 203
105000000 204
105500000 205
106000000 206
106500000 207
107000000 208
107500000 209
108000000 210
108500000 211
109000000 212
109500000 213
110000000 214
110500000 215
111000000 216
111500000 217
112000000 218
112500000 219
113000000 220
113500000 221
114000000 222
114500000 223
115000000 224
115500000 225
116000000 226
116500000 227
117000000 228
117500000 229
118000000 230
118500000 231
119000000 232
119500000 233
120000000 234
120500000 235
121000000 236
121500000 237
122000000 238
